1
5 56
2 3 3 1 0
2 2 2 5 0
3 3 3 5 0
3 4 4 3 1
4 5 4 3 1
12 3 1 4 0
15 1 5 1 0
16 2 2 2 1
16 1 2 1 0
17 2 2 2 1
19 1 5 4 1
19 3 4 5 1
20 1 1 1 0
22 2 3 1 0
22 2 5 1 0
23 3 3 3 0
24 3 1 2 1
30 4 5 5 0
32 5 5 2 0
34 3 3 3 0
35 1 4 4 1
37 5 4 1 0
38 5 4 1 0
39 2 2 4 0
39 4 1 2 1
43 4 1 4 0
43 4 4 4 1
48 2 1 2 0
51 4 1 3 0
53 3 3 3 1
54 3 3 1 1
55 4 5 5 0
57 3 2 4 0
57 3 3 5 1
58 4 5 1 0
58 2 4 5 0
59 1 5 1 1
60 1 2 2 0
62 5 4 3 1
62 4 2 3 1
64 2 2 3 1
65 2 4 3 1
66 2 2 4 1
67 3 3 5 0
68 2 5 2 1
71 3 4 4 0
74 5 1 2 0
81 3 1 4 1
83 1 4 3 0
86 2 3 2 1
87 2 3 4 1
91 3 4 2 0
95 2 3 3 0
96 3 2 4 1
97 4 1 3 0
99 2 4 2 1
