1
8 54
1 6 2 4 0
3 5 3 4 0
3 4 5 3 0
5 8 3 3 1
8 2 1 3 1
8 8 5 1 1
9 4 5 3 1
10 7 5 3 1
14 5 2 3 0
15 8 2 4 0
15 4 4 4 0
17 4 2 1 0
18 1 4 3 1
21 4 3 3 0
21 4 4 5 1
28 4 3 1 0
33 4 5 2 1
35 6 5 5 1
36 3 3 1 0
36 5 2 4 0
39 4 2 5 1
40 4 3 3 1
41 7 2 2 1
43 5 1 3 0
43 7 3 5 1
48 1 2 5 0
48 5 4 3 0
52 6 5 2 1
53 7 3 5 0
55 7 4 3 1
55 7 3 3 1
56 6 2 1 0
56 2 2 2 0
62 4 3 4 1
63 5 1 3 0
65 5 5 1 1
70 2 2 1 0
71 3 5 2 1
73 5 2 4 1
76 8 4 1 0
76 5 2 5 1
78 6 3 3 1
79 1 2 5 1
80 1 1 3 1
85 7 4 4 1
92 2 2 5 1
93 6 3 2 0
93 7 4 1 0
95 2 5 1 0
97 8 4 2 0
97 5 2 5 0
97 3 5 1 0
99 7 5 1 0
99 7 5 1 0