1
6 96
3 6 4 4 1
6 1 1 1 1
6 6 2 3 0
7 5 3 2 1
7 2 1 4 0
15 4 1 3 0
16 3 5 5 1
19 3 2 4 0
22 2 1 3 1
24 5 4 4 0
24 5 2 4 1
24 5 2 5 1
25 2 5 1 1
26 1 5 1 0
28 3 1 1 0
28 3 1 2 1
30 4 3 2 0
31 1 4 2 0
32 5 1 4 1
33 1 5 2 0
33 2 5 2 0
33 5 3 3 1
33 3 1 3 1
35 5 2 2 1
35 1 5 1 0
37 4 2 3 1
39 5 4 5 1
39 1 5 3 0
40 2 4 1 0
40 6 1 3 0
44 5 4 5 0
46 3 1 5 0
47 2 3 3 1
47 2 3 3 0
48 3 1 2 0
49 1 1 1 1
50 6 4 2 0
51 1 1 2 1
51 4 2 3 1
52 3 2 5 1
53 1 3 1 1
54 3 5 5 0
56 3 3 1 1
56 4 1 5 0
56 5 1 3 0
56 3 4 3 1
58 2 4 5 0
58 6 1 5 0
58 2 4 2 1
61 2 1 2 1
62 3 4 3 0
62 1 3 2 1
62 6 1 3 0
62 2 2 4 0
63 5 1 5 1
64 5 1 2 1
64 6 2 4 0
65 3 2 1 0
65 1 5 5 1
65 3 5 4 0
66 2 3 4 1
67 3 5 1 1
67 1 1 1 0
71 3 4 5 0
72 2 4 2 0
72 1 4 4 0
73 6 5 4 1
74 3 2 3 0
76 4 4 2 0
81 1 3 2 1
82 4 4 4 1
82 3 5 3 1
83 6 5 2 0
84 4 1 4 1
86 3 4 5 0
86 4 2 1 0
87 2 3 2 1
87 3 5 4 1
87 1 4 2 1
89 2 3 5 0
92 3 5 2 1
92 2 5 5 1
93 2 5 3 0
94 1 4 2 0
94 4 1 5 1
94 1 1 1 1
94 5 1 5 0
95 6 4 2 1
95 4 4 1 1
95 2 1 5 1
96 6 1 4 0
97 5 5 3 0
99 5 1 3 0
100 1 2 2 0
100 1 2 3 1
100 6 4 5 0