5
8 57
2 4 4 4 1
3 4 1 4 0
3 7 2 2 0
5 5 5 1 1
5 6 3 1 0
8 1 3 3 1
11 6 2 5 1
11 6 4 3 1
13 3 2 5 1
15 1 4 4 1
17 4 4 5 1
18 6 4 5 1
18 6 1 2 1
18 7 3 4 1
19 2 1 4 0
19 3 4 5 1
19 7 4 5 1
19 8 1 3 0
22 3 2 1 0
22 8 4 3 0
22 4 5 3 1
24 4 3 1 1
25 6 1 1 0
29 1 5 4 0
30 3 1 5 1
30 5 4 4 1
37 7 3 4 0
43 3 4 3 1
52 7 2 1 0
53 3 1 5 1
56 3 3 3 0
58 7 3 2 1
58 4 2 3 1
60 7 3 5 0
61 6 3 4 0
61 3 5 5 1
61 5 2 4 0
67 8 1 4 0
68 4 5 3 0
70 7 4 3 0
70 6 4 3 1
71 5 3 5 1
71 7 4 5 0
72 3 4 1 0
73 1 4 3 0
73 6 5 2 1
79 2 4 5 0
80 3 2 3 1
81 5 2 1 0
84 5 1 4 1
85 2 2 1 1
90 2 4 5 1
91 4 3 3 1
92 8 1 4 1
93 5 3 5 0
96 5 1 1 1
98 7 1 1 1
8 57
5 3 4 3 1
6 4 2 4 1
6 4 1 2 0
7 4 2 2 0
9 5 5 3 0
9 1 3 4 0
13 2 5 5 1
15 1 4 2 0
15 8 4 5 1
21 7 4 5 0
22 1 5 2 1
23 2 3 5 0
27 5 4 5 0
27 4 1 3 1
29 4 3 2 1
29 2 1 5 1
30 2 4 2 1
32 8 2 2 0
37 3 2 3 0
38 3 1 2 1
39 5 1 1 1
40 4 3 1 0
40 3 3 5 0
42 4 4 4 1
42 2 4 4 1
43 8 1 2 1
44 6 2 2 1
45 6 4 1 1
51 6 5 5 0
52 5 1 3 0
53 5 5 1 0
59 6 3 4 0
62 2 1 2 0
62 6 1 5 0
63 8 4 5 0
63 1 2 3 0
65 8 1 2 1
66 6 4 3 0
68 2 2 4 0
70 8 5 1 1
71 5 1 5 1
71 7 3 1 0
72 2 1 5 0
72 6 5 2 1
76 8 1 5 1
76 1 4 4 0
76 4 1 3 1
77 8 5 1 0
78 3 4 4 1
80 8 1 5 0
83 1 2 3 1
84 6 1 2 0
86 7 3 4 0
89 6 3 2 0
92 2 1 5 1
96 3 1 1 1
97 5 1 2 0
5 71
3 3 2 3 1
3 1 1 4 1
5 2 1 1 0
5 5 4 2 1
6 3 5 3 0
9 2 5 4 0
9 2 2 4 0
9 3 3 1 0
10 3 5 4 1
10 5 2 2 1
12 5 2 4 0
13 1 5 2 1
14 5 4 1 0
15 2 5 3 0
21 5 4 5 1
22 5 4 4 0
26 1 2 5 0
26 1 4 3 1
28 4 5 2 0
30 2 3 4 0
32 3 2 5 0
32 3 4 4 0
34 4 5 1 0
38 3 1 2 1
39 4 1 3 0
41 4 5 3 0
43 2 5 3 0
43 4 2 5 0
47 2 1 4 1
48 1 2 3 0
49 3 4 1 1
50 2 1 3 1
50 2 4 4 1
51 5 1 5 1
53 4 3 5 1
57 5 3 4 1
61 3 4 1 0
61 4 1 3 1
62 3 2 3 0
62 3 3 3 0
63 1 2 4 1
67 3 3 3 0
67 1 4 5 0
68 3 1 1 1
70 2 5 3 0
72 1 1 1 1
73 3 5 1 0
74 3 1 4 1
75 1 3 1 1
75 1 3 4 1
76 2 5 5 1
76 3 4 3 1
77 5 2 4 1
77 1 5 3 0
78 5 2 2 0
78 1 5 2 0
80 3 2 1 1
81 2 2 2 1
82 1 3 4 1
82 2 3 2 0
83 2 1 1 0
84 1 1 5 1
86 2 5 3 1
88 2 2 1 0
89 3 1 2 0
90 5 5 2 1
90 4 4 2 0
91 5 3 1 0
92 5 4 3 0
93 1 1 3 0
98 3 2 1 0
9 55
6 6 3 3 0
9 7 2 4 1
13 5 2 3 0
14 2 5 4 1
15 1 4 5 0
17 2 2 5 1
18 4 4 5 0
19 3 3 5 0
24 9 3 5 0
27 9 4 3 0
31 9 4 1 0
32 6 3 1 0
34 5 3 5 0
38 8 4 1 0
39 5 5 1 1
42 1 1 3 0
44 1 5 4 0
48 5 4 5 1
48 7 5 3 0
49 6 1 2 1
49 3 5 5 0
49 2 2 1 0
50 3 2 1 0
51 4 3 5 1
53 6 1 1 1
53 6 4 1 1
54 5 1 3 1
55 1 4 3 1
57 5 5 3 0
57 2 1 4 0
58 9 4 4 0
58 5 3 4 1
59 2 2 5 0
61 7 3 1 1
63 6 5 5 1
65 6 1 2 1
65 5 3 4 1
65 9 4 2 1
70 1 1 3 0
71 6 1 5 0
71 7 5 3 1
76 9 5 3 0
80 8 5 1 1
81 4 4 5 0
81 8 5 2 0
82 1 1 5 1
82 3 3 3 1
82 4 1 2 0
83 4 1 3 1
87 9 2 2 1
89 9 3 5 1
90 9 4 2 0
90 8 2 4 0
93 4 5 5 1
99 6 5 5 1
8 81
2 1 5 2 0
6 8 2 3 1
10 1 3 2 0
10 8 5 5 1
11 5 2 3 1
11 1 3 1 0
12 5 3 2 1
13 2 2 5 1
13 5 1 5 0
14 3 4 5 1
15 6 1 4 0
16 4 4 2 1
16 2 2 3 0
19 8 2 3 1
19 3 1 4 0
19 1 3 5 1
21 6 3 3 1
22 2 4 2 1
24 2 1 1 0
24 5 5 2 0
24 1 5 3 0
25 5 3 3 0
25 2 1 4 0
26 8 2 3 1
27 7 5 2 0
30 6 3 4 1
30 6 4 4 1
31 4 5 1 1
32 6 3 3 1
34 3 4 3 1
35 8 5 3 1
35 4 5 3 0
36 4 5 3 1
40 4 5 2 0
42 7 2 4 0
43 6 3 4 1
45 1 4 4 0
45 5 4 5 0
46 8 1 5 0
47 1 1 1 0
48 5 5 3 1
48 5 3 5 0
52 2 4 3 0
54 2 5 3 1
54 8 4 2 1
57 7 4 5 0
58 3 3 2 1
58 4 2 1 0
60 6 1 3 1
61 6 2 5 1
64 2 5 3 0
65 5 2 3 0
66 4 4 5 0
67 2 4 5 0
68 8 4 4 1
69 3 2 1 1
69 6 4 3 0
70 8 1 2 0
70 2 3 2 0
73 3 5 4 0
73 6 3 5 1
75 8 5 2 0
76 7 5 5 1
76 5 1 3 0
77 7 4 4 1
78 1 3 4 1
80 2 4 3 1
80 4 2 2 0
81 5 4 3 1
82 7 5 5 1
83 3 5 3 1
84 4 1 2 0
89 2 3 2 0
89 3 3 5 1
91 2 3 5 0
92 7 2 5 0
93 4 1 2 0
94 7 4 5 0
94 7 4 3 1
94 4 1 3 0
97 7 3 4 1
