5
9 79
3 9 1 5 1
3 8 5 5 1
3 6 5 1 0
6 3 5 2 0
7 5 5 1 0
8 7 4 1 1
9 6 2 4 0
10 1 2 5 1
12 7 1 1 0
13 1 5 5 0
14 3 4 3 1
14 8 1 4 1
18 6 3 3 1
20 5 4 1 0
21 6 2 5 0
24 9 5 4 0
25 6 4 1 0
27 2 2 5 1
29 7 3 5 1
30 5 4 3 1
31 7 1 1 0
33 3 1 1 1
33 3 5 5 1
35 9 5 5 0
38 1 5 5 0
38 1 5 4 0
39 7 3 5 0
39 6 2 1 1
40 3 3 5 0
40 6 2 2 0
43 3 2 4 1
45 7 3 2 0
45 1 4 3 1
46 5 4 1 1
49 8 5 1 1
50 1 1 4 0
51 3 3 1 0
51 4 1 5 0
51 6 5 3 1
52 8 1 4 1
53 5 1 4 0
54 2 5 1 1
55 4 2 4 1
56 6 3 4 0
57 7 1 4 0
59 5 2 4 1
59 9 3 4 0
60 9 4 2 0
61 6 4 4 0
62 6 5 4 1
63 7 1 3 1
64 4 3 4 1
65 6 2 3 1
66 7 1 2 0
67 5 2 3 1
67 5 2 2 1
71 3 3 1 1
71 1 2 1 1
72 4 5 2 0
72 3 5 3 0
73 3 5 3 0
75 8 5 5 1
75 1 1 2 0
77 3 2 2 0
78 5 3 4 0
81 2 1 5 1
81 2 1 3 1
82 7 5 3 1
83 4 5 2 0
84 4 3 4 0
88 6 4 4 0
89 7 2 1 1
90 1 4 1 0
91 6 4 5 1
93 7 3 3 1
96 8 1 3 0
98 5 3 2 1
99 2 1 2 0
100 9 5 3 0
10 95
1 1 2 4 1
2 7 1 2 1
3 8 2 4 1
5 5 3 5 1
6 3 2 2 0
7 7 4 5 1
8 5 1 1 0
9 3 5 4 1
10 6 5 4 0
11 2 2 1 0
11 8 4 3 0
14 2 2 3 0
16 3 4 1 0
17 7 1 5 0
18 4 4 3 0
19 7 4 5 1
19 9 4 5 1
19 8 3 1 1
20 3 2 3 0
20 6 4 2 0
20 4 2 1 0
21 10 4 4 0
23 6 3 4 1
23 7 2 1 0
25 5 5 4 1
25 9 3 1 1
27 2 2 2 1
28 6 3 1 0
29 7 4 4 1
31 10 3 2 1
32 7 1 1 0
33 8 1 5 1
34 4 3 3 1
35 4 1 2 1
36 1 1 4 0
36 10 2 3 0
37 8 2 2 0
38 8 4 3 1
39 7 5 2 0
39 1 4 2 1
39 6 4 5 0
39 10 1 2 1
40 5 1 2 1
41 10 4 5 1
42 2 4 1 1
44 6 1 2 0
44 8 5 5 1
44 6 5 2 1
45 7 1 4 0
45 3 4 5 1
46 8 2 1 1
46 1 4 2 1
47 5 3 1 1
47 7 1 2 1
49 10 3 2 1
50 3 4 2 1
50 4 4 1 0
50 10 3 3 1
50 7 1 2 1
52 3 2 3 1
52 7 3 5 0
52 10 3 1 1
54 3 1 1 1
55 4 4 2 0
59 4 1 5 1
59 3 3 2 0
60 7 2 3 0
62 8 3 1 0
62 8 1 1 1
63 8 5 4 1
63 1 1 3 1
65 4 1 5 1
66 9 5 1 0
66 2 2 2 0
69 2 5 5 1
71 3 3 3 1
73 8 5 3 0
76 5 1 2 0
76 9 5 2 0
77 7 1 1 0
77 7 3 1 1
78 6 3 5 0
80 4 3 4 1
81 7 3 3 0
86 6 5 4 0
87 8 3 1 0
87 9 5 4 0
92 1 2 1 1
92 3 5 2 0
93 7 4 4 0
93 9 2 2 1
94 5 1 3 1
95 8 2 5 0
96 2 2 3 1
98 3 5 5 0
6 96
3 6 4 4 1
6 1 1 1 1
6 6 2 3 0
7 5 3 2 1
7 2 1 4 0
15 4 1 3 0
16 3 5 5 1
19 3 2 4 0
22 2 1 3 1
24 5 4 4 0
24 5 2 4 1
24 5 2 5 1
25 2 5 1 1
26 1 5 1 0
28 3 1 1 0
28 3 1 2 1
30 4 3 2 0
31 1 4 2 0
32 5 1 4 1
33 1 5 2 0
33 2 5 2 0
33 5 3 3 1
33 3 1 3 1
35 5 2 2 1
35 1 5 1 0
37 4 2 3 1
39 5 4 5 1
39 1 5 3 0
40 2 4 1 0
40 6 1 3 0
44 5 4 5 0
46 3 1 5 0
47 2 3 3 1
47 2 3 3 0
48 3 1 2 0
49 1 1 1 1
50 6 4 2 0
51 1 1 2 1
51 4 2 3 1
52 3 2 5 1
53 1 3 1 1
54 3 5 5 0
56 3 3 1 1
56 4 1 5 0
56 5 1 3 0
56 3 4 3 1
58 2 4 5 0
58 6 1 5 0
58 2 4 2 1
61 2 1 2 1
62 3 4 3 0
62 1 3 2 1
62 6 1 3 0
62 2 2 4 0
63 5 1 5 1
64 5 1 2 1
64 6 2 4 0
65 3 2 1 0
65 1 5 5 1
65 3 5 4 0
66 2 3 4 1
67 3 5 1 1
67 1 1 1 0
71 3 4 5 0
72 2 4 2 0
72 1 4 4 0
73 6 5 4 1
74 3 2 3 0
76 4 4 2 0
81 1 3 2 1
82 4 4 4 1
82 3 5 3 1
83 6 5 2 0
84 4 1 4 1
86 3 4 5 0
86 4 2 1 0
87 2 3 2 1
87 3 5 4 1
87 1 4 2 1
89 2 3 5 0
92 3 5 2 1
92 2 5 5 1
93 2 5 3 0
94 1 4 2 0
94 4 1 5 1
94 1 1 1 1
94 5 1 5 0
95 6 4 2 1
95 4 4 1 1
95 2 1 5 1
96 6 1 4 0
97 5 5 3 0
99 5 1 3 0
100 1 2 2 0
100 1 2 3 1
100 6 4 5 0
8 54
1 6 2 4 0
3 5 3 4 0
3 4 5 3 0
5 8 3 3 1
8 2 1 3 1
8 8 5 1 1
9 4 5 3 1
10 7 5 3 1
14 5 2 3 0
15 8 2 4 0
15 4 4 4 0
17 4 2 1 0
18 1 4 3 1
21 4 3 3 0
21 4 4 5 1
28 4 3 1 0
33 4 5 2 1
35 6 5 5 1
36 3 3 1 0
36 5 2 4 0
39 4 2 5 1
40 4 3 3 1
41 7 2 2 1
43 5 1 3 0
43 7 3 5 1
48 1 2 5 0
48 5 4 3 0
52 6 5 2 1
53 7 3 5 0
55 7 4 3 1
55 7 3 3 1
56 6 2 1 0
56 2 2 2 0
62 4 3 4 1
63 5 1 3 0
65 5 5 1 1
70 2 2 1 0
71 3 5 2 1
73 5 2 4 1
76 8 4 1 0
76 5 2 5 1
78 6 3 3 1
79 1 2 5 1
80 1 1 3 1
85 7 4 4 1
92 2 2 5 1
93 6 3 2 0
93 7 4 1 0
95 2 5 1 0
97 8 4 2 0
97 5 2 5 0
97 3 5 1 0
99 7 5 1 0
99 7 5 1 0
7 91
3 5 2 2 1
6 3 1 1 0
10 3 5 2 1
11 4 3 2 0
11 2 1 3 1
12 5 1 4 0
12 6 5 4 0
14 5 2 2 0
15 1 5 2 0
16 1 4 1 0
17 4 1 3 0
17 4 5 5 0
18 5 5 3 0
18 4 1 3 1
20 2 1 3 1
21 6 4 4 0
23 7 1 3 0
23 5 1 4 0
24 2 1 1 1
28 7 4 3 0
28 7 4 2 0
28 6 2 3 1
29 1 2 1 0
30 4 1 3 1
31 7 1 3 1
31 7 3 3 0
32 7 3 1 0
33 3 3 4 1
36 2 4 2 1
36 7 3 5 1
37 1 4 5 1
39 5 3 1 0
41 7 5 5 0
42 2 5 5 1
42 1 1 2 1
42 3 4 5 0
45 7 3 2 0
46 2 4 3 0
47 5 3 2 1
47 4 5 3 0
48 2 4 1 0
51 5 1 3 0
52 6 4 5 0
52 4 1 2 0
53 1 5 1 0
54 2 3 1 1
56 2 3 3 0
56 2 2 1 1
57 3 3 2 1
60 7 3 4 0
60 4 4 4 1
60 1 5 3 1
62 7 5 4 1
62 2 3 5 0
62 5 3 5 0
63 5 2 2 1
64 5 4 4 0
64 4 5 5 0
65 4 2 4 1
67 7 3 1 1
67 4 2 2 0
68 2 4 3 1
69 3 4 4 0
69 1 4 2 1
70 7 4 3 1
72 5 5 4 1
76 6 5 5 0
77 5 1 4 0
77 1 4 3 1
78 6 2 4 1
79 6 2 4 0
79 2 2 4 0
80 7 1 1 1
81 3 3 4 0
82 4 3 1 1
84 7 3 3 0
85 4 3 4 0
85 4 3 5 0
88 3 4 4 1
89 1 5 2 0
89 1 2 3 0
91 1 5 3 0
93 4 2 2 1
94 5 4 2 0
94 7 5 5 0
95 2 4 4 0
97 5 4 1 0
97 7 1 1 1
98 2 2 3 1
99 1 3 3 0
100 2 5 3 1
