5
6 91
3 5 5 5 1
3 2 4 3 0
4 2 5 3 0
5 5 5 1 0
7 2 2 2 0
9 4 3 3 0
9 2 1 1 1
13 5 1 1 0
13 2 1 4 1
14 5 5 2 1
14 2 3 1 1
15 3 3 4 0
15 3 1 5 1
16 6 2 3 1
16 6 5 5 0
17 4 4 4 0
19 1 1 1 1
19 5 1 4 1
19 4 1 5 0
20 2 3 2 0
21 4 2 1 1
22 1 4 4 1
24 4 2 3 1
25 2 3 2 1
27 4 5 2 0
27 1 3 3 1
27 4 3 1 1
28 5 4 2 1
29 2 3 4 0
29 6 5 1 1
30 1 4 4 1
30 3 3 4 0
30 1 4 4 0
30 3 4 2 0
31 4 5 2 1
32 1 5 3 0
32 4 2 4 1
36 2 4 2 1
38 1 1 3 0
39 5 1 4 1
40 3 2 3 0
41 2 1 3 1
42 4 1 2 1
44 1 1 3 1
44 2 5 2 0
44 5 3 3 0
44 3 2 5 0
45 1 5 1 0
49 2 1 1 1
49 2 2 4 0
49 1 3 5 1
51 6 5 1 1
51 1 4 2 0
54 2 4 1 0
57 3 2 2 0
58 4 2 4 0
60 1 1 1 1
61 1 3 4 0
62 1 2 2 1
62 2 1 3 1
63 3 5 3 1
63 1 4 4 0
64 1 3 1 0
64 4 5 2 1
66 4 4 3 1
66 5 1 5 0
67 3 4 5 1
67 2 4 4 0
69 1 2 5 0
69 1 3 2 1
72 6 2 2 0
72 4 1 3 1
72 6 3 1 1
75 3 1 4 1
80 2 5 1 0
81 4 2 3 0
81 2 2 5 1
83 4 3 1 0
83 6 4 3 0
85 2 5 5 1
85 4 5 1 0
88 3 4 5 0
89 5 1 3 1
90 4 2 4 0
92 3 1 2 1
92 2 1 2 1
93 3 5 5 1
93 6 3 5 1
93 6 2 1 0
98 3 3 4 0
99 2 3 4 1
6 78
2 2 4 3 1
2 5 4 5 0
4 3 2 2 0
5 2 2 3 1
6 2 3 1 0
6 2 1 2 1
9 3 1 1 0
10 1 3 5 0
12 5 3 4 0
13 4 1 1 0
13 1 5 3 0
14 1 5 2 1
15 2 4 3 1
16 3 1 5 0
17 1 5 4 1
19 1 2 4 1
20 6 3 3 1
22 6 2 1 0
23 6 4 1 1
26 5 5 2 1
27 2 3 2 0
28 3 5 2 0
29 4 3 2 1
30 2 1 2 0
30 2 4 5 0
31 4 3 4 0
31 6 5 4 0
32 1 1 2 0
34 4 1 3 1
35 5 1 4 1
36 6 5 4 1
38 1 2 2 0
38 2 2 5 0
39 1 5 3 1
42 2 1 3 1
42 4 5 3 1
42 1 1 5 0
47 6 4 1 0
47 3 3 5 0
48 4 1 1 0
52 1 3 5 1
53 3 2 4 1
54 1 1 3 0
55 2 5 4 0
57 5 5 3 1
58 4 1 2 1
62 6 4 3 1
62 6 2 1 1
62 5 4 5 1
63 2 3 4 0
64 3 1 3 0
65 4 4 1 0
66 6 3 2 0
70 1 4 3 1
75 1 2 4 0
76 1 3 4 0
76 2 1 1 0
79 2 5 4 0
81 6 4 5 1
82 2 3 2 1
82 5 5 2 0
82 5 5 1 0
85 6 2 1 1
89 3 4 1 0
89 3 3 2 1
90 3 5 5 1
90 2 5 5 1
91 1 4 2 0
92 6 5 2 0
92 5 2 4 1
93 6 4 2 0
94 1 1 5 1
94 3 5 4 0
97 6 2 4 1
98 4 1 3 0
99 4 2 5 0
99 4 5 3 0
100 4 1 1 0
10 100
2 8 4 4 0
2 10 3 5 0
5 1 2 3 0
6 4 5 4 0
6 7 3 4 1
7 5 4 5 1
7 5 3 2 1
8 7 1 1 1
8 7 3 5 0
9 9 3 3 0
12 9 4 2 1
12 5 3 3 0
12 10 4 5 0
14 5 4 2 0
18 8 2 3 0
21 6 5 3 0
22 1 4 5 1
23 7 5 4 0
23 10 3 4 0
24 1 5 1 0
26 9 1 5 1
26 4 2 4 0
28 2 4 4 0
28 10 1 2 1
30 3 3 5 0
31 4 2 1 0
31 8 5 1 1
31 3 5 1 1
33 8 1 5 0
34 6 4 1 0
35 1 5 4 1
36 7 4 4 1
37 2 1 5 0
38 3 3 3 1
39 6 2 1 0
39 5 4 4 1
40 5 1 1 1
40 4 1 5 1
40 10 4 3 0
45 9 5 5 0
47 2 2 5 0
47 8 3 1 1
47 4 2 5 0
50 8 5 3 1
50 2 3 4 0
51 1 4 1 0
51 2 4 2 1
51 5 3 1 0
52 6 5 1 1
52 9 3 3 1
53 3 2 3 0
53 2 5 5 0
53 7 5 4 1
54 8 1 2 1
56 10 4 2 1
56 5 5 3 0
57 1 1 2 1
57 10 4 3 1
60 8 2 5 1
60 1 5 1 0
61 3 5 1 1
62 3 5 3 0
62 7 2 2 1
63 9 4 2 0
64 6 1 4 0
64 4 1 5 0
64 9 2 5 1
65 8 5 2 1
66 3 2 2 0
68 6 4 4 1
70 9 3 5 1
71 4 5 5 0
72 7 2 5 0
74 3 4 3 0
75 1 1 1 1
75 2 2 3 1
76 10 1 4 0
76 10 5 5 0
77 8 3 2 1
78 5 2 1 1
80 6 3 3 0
82 2 1 1 1
83 9 4 3 1
85 3 1 5 0
85 10 4 5 0
87 7 5 3 1
87 3 2 1 1
87 9 5 1 1
90 3 4 2 1
91 3 2 5 0
95 4 5 1 1
96 6 2 2 1
96 10 3 1 1
97 1 1 1 0
98 7 2 1 1
99 7 2 4 1
99 7 3 1 1
99 9 4 3 0
99 6 4 1 0
100 10 4 3 0
7 99
1 1 3 4 0
2 1 2 4 1
3 5 1 2 0
5 1 5 3 0
9 4 2 1 0
10 3 5 4 0
10 6 1 1 0
10 1 2 4 0
10 1 1 3 0
11 6 4 5 1
12 4 5 4 1
13 1 1 2 1
13 4 2 5 1
16 7 2 5 0
16 2 1 2 0
17 3 5 4 0
17 4 5 2 0
19 3 3 5 0
21 1 4 5 1
22 5 1 3 0
22 3 2 1 0
23 6 5 5 0
23 7 3 4 0
24 6 3 4 1
26 4 4 4 1
26 6 4 5 0
27 1 1 2 0
28 4 1 3 1
28 7 3 5 0
29 3 4 1 0
29 7 3 3 0
30 4 5 5 1
31 2 5 2 1
31 1 1 2 1
33 4 1 3 1
33 7 1 5 1
33 6 3 2 1
38 2 1 5 1
39 3 5 2 1
40 7 3 3 0
41 4 3 1 0
42 2 3 3 0
42 7 1 5 0
42 6 2 2 0
44 2 2 3 1
45 2 5 3 0
45 4 5 5 0
45 3 1 3 0
47 2 2 4 0
48 1 5 2 1
53 5 5 2 0
54 3 5 2 1
58 2 5 1 1
58 2 4 5 1
59 1 3 3 1
60 6 5 5 1
60 3 3 1 0
61 7 3 1 1
61 2 3 5 1
61 1 2 4 0
62 6 4 1 1
64 6 1 1 0
64 4 3 5 0
64 6 5 3 0
65 5 4 1 1
65 4 3 1 0
67 1 5 4 0
68 3 5 2 1
68 1 3 5 1
69 3 3 4 1
70 2 5 3 0
72 3 1 5 1
73 5 4 1 0
73 1 3 3 1
74 5 3 4 0
74 5 2 4 1
75 3 4 3 1
76 2 1 5 1
78 4 2 2 1
79 5 1 4 0
82 5 5 5 1
83 5 2 5 0
84 4 2 3 0
85 3 3 3 0
85 4 4 1 1
85 3 4 2 1
87 7 1 2 1
87 2 1 3 1
87 7 2 2 0
89 1 4 4 1
92 2 4 3 0
94 1 1 2 1
94 7 3 5 1
94 1 1 5 0
94 2 5 5 0
96 5 4 2 0
96 2 3 5 1
98 6 1 1 1
98 3 2 1 1
8 67
4 4 1 1 0
10 1 5 3 0
15 3 2 3 1
15 1 4 5 0
18 8 4 3 0
19 8 3 1 1
19 8 2 5 0
20 6 2 4 0
20 3 4 3 1
23 8 2 4 0
24 4 5 4 1
27 2 2 2 0
30 8 2 2 1
33 8 2 5 1
36 7 4 4 1
36 7 4 5 1
37 7 4 4 1
40 7 5 2 1
41 1 2 5 1
41 4 5 1 1
41 8 3 4 0
41 5 3 2 1
42 3 5 2 1
43 4 4 3 1
43 3 5 1 0
44 4 4 3 0
50 5 5 1 0
50 3 3 2 0
50 7 3 4 0
51 5 1 1 0
53 2 1 4 0
54 1 3 5 1
56 6 3 5 1
56 7 3 3 1
57 7 1 2 1
58 5 1 4 1
58 6 1 3 1
58 8 3 3 0
59 7 1 5 1
59 2 2 1 1
61 8 5 3 1
64 1 1 5 0
67 2 1 4 1
67 7 4 4 0
69 8 2 2 1
72 7 3 2 0
73 3 1 1 0
73 7 3 1 1
74 3 2 5 1
75 5 3 3 0
78 2 1 3 0
78 2 4 2 0
80 3 4 4 1
80 8 5 5 0
82 4 1 2 1
84 8 2 5 0
84 5 4 5 0
85 2 2 4 1
87 2 1 1 1
89 5 5 5 1
89 2 1 5 0
89 6 2 5 1
93 7 4 2 1
93 8 5 4 0
94 3 5 2 0
99 1 4 2 0
100 1 1 3 0
