5
7 76
1 4 1 2 1
5 6 4 4 0
5 1 3 5 0
5 2 1 2 1
7 1 2 3 1
7 6 5 5 1
8 3 1 2 1
9 1 1 3 0
9 6 1 2 0
10 5 2 5 0
12 1 2 4 0
13 2 4 2 0
14 5 5 2 1
15 4 3 5 1
16 3 1 1 0
17 5 2 4 1
19 5 2 1 0
19 7 1 1 1
20 1 2 4 1
20 1 4 2 0
20 3 5 1 1
20 1 4 2 1
21 4 2 2 0
22 3 2 4 1
23 3 4 3 0
25 4 1 4 0
26 3 3 5 0
26 7 4 5 0
29 2 3 1 1
30 4 3 1 1
31 3 1 2 0
31 6 4 2 1
31 3 2 3 1
35 4 2 4 0
35 5 5 4 1
43 3 4 3 0
44 5 3 3 1
48 3 5 2 1
48 7 2 4 0
49 2 2 3 1
49 3 3 2 1
51 2 3 2 1
53 2 1 3 0
53 3 3 4 1
53 7 4 4 0
54 6 1 5 0
57 5 1 2 1
58 4 3 3 0
58 1 1 4 0
58 3 3 4 0
59 2 3 4 0
60 5 3 2 0
60 5 3 4 1
63 7 2 1 1
63 5 5 2 1
70 3 4 1 1
71 3 5 5 0
71 3 2 4 1
73 7 4 2 0
76 1 1 5 0
76 5 5 3 0
77 6 1 3 1
79 4 4 3 0
79 1 4 5 0
80 4 4 4 0
81 5 3 2 1
81 5 3 5 1
81 6 4 4 0
84 7 4 2 1
89 1 1 1 0
90 5 1 2 0
93 1 1 4 1
93 2 1 5 1
98 2 1 3 1
99 4 2 5 1
100 4 5 1 1
10 91
3 9 5 1 1
4 2 1 4 0
4 3 5 3 0
5 8 5 1 1
9 6 5 3 1
10 8 4 1 0
10 7 2 2 1
11 6 4 2 1
11 5 4 4 0
12 7 2 3 0
12 3 1 4 0
13 5 2 4 1
16 10 3 2 0
16 10 1 5 1
17 1 1 3 1
17 3 5 5 0
18 4 4 4 1
18 7 1 2 0
19 10 3 5 0
22 1 3 1 1
23 9 3 5 1
23 7 3 4 0
24 5 3 4 0
24 9 2 5 0
24 4 1 1 0
28 1 5 4 0
30 2 4 2 0
33 9 5 4 1
34 1 4 2 1
34 6 4 5 1
34 3 1 2 1
36 6 1 2 0
38 8 3 4 1
39 5 3 4 1
40 5 3 2 1
43 9 3 4 0
43 7 2 3 0
44 10 2 5 1
44 6 2 2 0
44 1 2 2 0
45 7 5 5 1
45 5 3 5 1
45 3 5 3 0
47 5 3 2 1
48 3 3 4 1
49 9 2 2 0
51 1 2 2 0
54 5 4 5 0
56 10 4 2 1
60 4 3 5 0
61 9 2 1 0
61 2 1 5 1
62 3 3 1 0
64 4 3 3 1
65 3 5 1 1
66 8 3 2 1
66 7 3 1 0
67 9 2 5 0
68 8 1 3 0
73 3 3 5 0
73 2 4 1 0
73 1 1 1 1
74 5 4 3 0
75 4 4 2 0
76 3 4 2 1
78 10 5 3 0
79 4 1 3 1
79 2 4 4 1
80 10 2 1 1
81 10 1 1 1
83 9 5 3 0
83 1 4 1 1
86 3 5 3 0
89 4 1 1 0
90 3 4 1 1
90 6 2 4 1
91 1 1 5 1
91 3 5 5 1
91 1 3 5 0
91 6 3 1 1
93 5 2 4 0
93 3 2 1 1
94 3 3 5 0
94 10 5 2 0
95 6 5 5 1
96 1 5 3 0
96 5 5 4 1
97 7 4 5 1
98 10 4 5 1
99 9 5 4 0
99 9 4 4 0
7 83
3 3 3 2 0
5 2 5 5 1
6 2 5 5 1
8 4 1 3 0
9 4 2 2 0
10 6 5 2 1
10 4 1 1 0
11 1 1 5 0
13 3 3 2 1
15 5 1 4 1
17 5 4 4 0
20 5 1 2 0
21 3 1 2 0
22 4 2 4 0
22 3 5 4 0
23 3 5 1 1
24 5 3 4 0
26 6 2 4 0
29 6 3 1 0
30 4 4 2 0
31 2 5 2 0
31 2 5 3 1
32 2 4 3 1
33 4 1 3 0
37 1 4 4 1
39 3 2 4 0
41 2 2 3 1
41 4 3 2 1
44 3 2 2 0
44 7 5 4 1
45 5 4 3 0
47 1 4 1 1
47 2 3 1 0
48 6 3 5 0
48 3 2 2 1
49 1 4 4 1
50 1 1 3 1
50 2 5 4 0
53 4 3 4 1
54 3 3 1 1
54 3 2 5 1
56 6 5 1 1
57 2 5 1 1
57 6 1 5 0
58 3 2 3 1
59 1 3 1 1
61 7 1 3 0
61 7 1 4 1
62 5 2 1 0
62 2 5 5 0
62 6 2 4 1
64 5 2 5 0
64 5 4 2 1
65 7 3 1 1
66 5 2 3 0
68 4 5 1 0
69 3 5 1 0
70 5 1 3 1
70 3 3 2 1
71 2 5 4 1
73 3 3 1 1
75 5 2 3 1
76 3 4 3 1
77 6 4 4 0
78 4 1 3 1
79 7 4 5 1
81 6 1 5 0
81 6 4 4 0
81 4 5 5 0
81 4 5 1 1
82 6 2 2 0
84 7 3 1 0
86 4 1 3 0
86 5 3 1 1
86 6 2 1 0
87 7 1 1 1
88 2 1 1 0
89 2 2 2 0
90 1 4 5 0
92 3 2 5 0
94 2 1 4 1
96 7 3 3 1
100 1 1 1 1
5 56
2 3 3 1 0
2 2 2 5 0
3 3 3 5 0
3 4 4 3 1
4 5 4 3 1
12 3 1 4 0
15 1 5 1 0
16 2 2 2 1
16 1 2 1 0
17 2 2 2 1
19 1 5 4 1
19 3 4 5 1
20 1 1 1 0
22 2 3 1 0
22 2 5 1 0
23 3 3 3 0
24 3 1 2 1
30 4 5 5 0
32 5 5 2 0
34 3 3 3 0
35 1 4 4 1
37 5 4 1 0
38 5 4 1 0
39 2 2 4 0
39 4 1 2 1
43 4 1 4 0
43 4 4 4 1
48 2 1 2 0
51 4 1 3 0
53 3 3 3 1
54 3 3 1 1
55 4 5 5 0
57 3 2 4 0
57 3 3 5 1
58 4 5 1 0
58 2 4 5 0
59 1 5 1 1
60 1 2 2 0
62 5 4 3 1
62 4 2 3 1
64 2 2 3 1
65 2 4 3 1
66 2 2 4 1
67 3 3 5 0
68 2 5 2 1
71 3 4 4 0
74 5 1 2 0
81 3 1 4 1
83 1 4 3 0
86 2 3 2 1
87 2 3 4 1
91 3 4 2 0
95 2 3 3 0
96 3 2 4 1
97 4 1 3 0
99 2 4 2 1
7 66
4 5 4 4 0
8 1 4 4 1
10 3 5 4 1
11 2 4 2 0
12 5 3 4 0
12 4 2 4 0
13 1 2 5 1
16 1 5 3 1
19 3 3 3 1
20 7 4 2 0
20 2 1 3 1
21 4 1 3 1
24 2 3 3 1
24 7 3 3 1
25 1 1 2 1
27 3 2 1 1
27 5 3 4 1
27 7 5 2 0
28 6 3 4 1
29 6 5 3 0
29 1 5 4 1
30 1 5 4 0
31 4 5 5 0
33 6 1 4 0
35 4 1 3 0
40 4 4 5 1
41 2 5 4 0
46 6 5 3 1
48 5 3 1 1
50 7 5 5 1
51 5 2 3 0
51 4 3 2 1
56 5 5 3 1
58 2 3 2 1
59 1 3 4 0
64 2 2 5 1
65 1 3 4 0
66 5 3 5 1
69 7 4 5 1
70 3 5 3 1
73 1 2 1 1
73 1 2 3 1
74 5 4 5 0
74 5 3 5 1
75 5 3 1 0
75 7 2 2 0
75 6 1 5 1
78 7 1 4 0
80 6 2 5 0
80 7 4 1 1
80 3 2 1 1
82 4 5 4 1
83 4 5 5 1
84 6 1 4 1
87 5 3 4 0
88 5 1 5 1
90 7 1 2 0
90 6 3 4 1
93 3 1 5 0
93 1 2 1 0
93 2 4 2 1
94 3 3 4 1
95 4 5 4 0
98 7 5 2 1
99 1 5 1 0
100 6 3 5 0
