10
91 861
1 87 3 1 1
1 87 3 5 0
2 78 4 5 1
2 51 3 3 0
3 47 3 3 1
4 88 3 4 0
4 32 3 5 1
6 18 5 1 1
6 53 4 3 1
7 37 1 2 0
7 42 4 2 0
9 1 1 1 0
9 6 4 4 1
9 76 4 4 0
11 41 1 2 1
13 5 3 3 0
14 22 5 3 1
14 62 1 4 1
16 12 4 5 1
16 89 2 4 0
17 25 5 5 1
21 88 3 2 0
21 32 3 2 0
23 74 5 1 1
23 46 1 3 0
24 79 1 5 0
26 26 5 2 0
28 13 3 3 1
29 66 5 4 0
29 64 1 1 1
29 62 5 4 1
31 32 2 5 0
32 69 1 5 0
32 17 2 4 0
36 61 5 5 1
36 62 5 2 1
36 37 4 2 1
38 22 5 4 1
38 72 2 3 0
38 29 1 3 0
40 62 3 3 1
40 46 4 4 0
40 21 3 4 0
41 52 5 4 1
43 64 3 1 0
45 74 5 2 0
45 21 4 4 0
46 79 5 2 1
48 43 5 3 1
49 64 2 1 0
50 11 5 3 0
53 44 5 2 0
59 59 4 5 0
60 85 2 1 1
61 16 1 4 0
61 14 2 2 0
62 18 1 3 0
64 27 1 2 0
64 27 5 3 0
64 72 2 4 0
64 52 5 1 0
65 74 3 4 1
66 21 1 5 0
68 59 5 5 1
69 78 3 3 0
71 88 2 1 0
73 61 5 4 1
74 76 1 4 1
75 48 4 1 0
77 37 4 5 1
77 46 2 5 0
79 91 2 2 1
83 63 1 3 0
83 51 2 3 0
83 10 5 1 1
84 61 3 1 1
86 71 5 1 0
88 38 4 2 0
90 52 3 1 0
92 82 3 5 1
94 89 2 3 0
96 58 4 4 0
102 33 4 4 0
104 62 4 2 1
104 28 2 3 1
106 56 3 3 0
106 4 2 1 0
106 20 3 4 1
107 17 1 3 1
108 81 1 2 1
109 62 4 4 0
111 70 2 3 1
112 66 4 4 1
113 81 2 1 1
118 52 2 1 0
119 38 2 2 0
119 7 5 3 0
120 7 2 4 1
120 73 1 5 0
121 37 2 5 1
121 10 3 1 0
122 40 3 4 0
123 87 4 3 0
124 54 4 2 0
125 40 2 5 1
126 86 2 4 1
127 7 1 5 1
133 56 4 2 1
133 2 2 3 0
134 60 3 4 0
135 87 3 4 1
136 22 5 2 0
137 21 1 3 0
140 12 1 3 1
140 64 1 4 0
141 80 4 1 0
141 19 1 1 1
143 86 2 4 1
143 88 2 4 0
144 85 1 3 0
145 74 1 4 1
145 85 1 1 0
145 57 3 4 1
145 61 3 3 1
145 69 3 4 1
146 87 3 5 0
146 13 4 5 1
146 34 4 5 0
149 11 2 4 1
149 18 2 5 0
150 35 4 3 0
151 39 3 3 1
153 48 1 1 1
154 87 4 5 0
154 43 2 5 0
155 13 4 3 0
155 16 5 4 0
156 76 3 4 0
159 18 3 1 1
159 81 4 3 1
160 65 3 5 1
160 51 2 2 1
162 63 3 3 1
167 30 4 2 0
169 55 3 3 1
170 57 5 4 0
171 84 2 4 0
172 2 5 1 1
173 17 2 1 1
173 68 5 5 0
174 24 1 1 0
176 75 1 3 1
178 61 5 4 0
178 88 2 2 1
180 31 3 4 1
182 73 1 1 0
182 84 2 3 1
185 23 3 5 1
186 38 2 5 0
186 57 5 1 1
187 60 5 5 0
187 19 5 3 1
188 42 1 4 1
189 38 2 2 0
190 83 2 4 0
191 57 2 1 1
191 82 3 4 1
192 52 1 2 1
193 43 2 3 0
193 38 5 3 1
194 29 1 5 0
196 30 2 2 1
199 88 2 2 0
206 90 3 2 1
206 55 4 3 0
206 29 3 2 0
209 44 5 5 0
209 29 1 3 1
211 64 4 5 0
212 58 3 2 0
212 89 2 5 1
212 35 3 4 1
213 81 4 4 1
214 40 4 1 0
214 67 1 5 1
215 66 1 5 0
216 67 1 1 0
217 10 2 1 1
219 69 1 4 1
221 77 1 2 0
221 60 3 5 0
222 39 4 2 1
222 29 4 1 1
225 69 5 5 0
225 72 2 4 0
227 4 2 2 1
227 39 4 4 0
228 70 3 3 0
228 78 3 3 1
230 72 5 5 0
231 16 2 1 0
232 90 3 1 0
232 52 5 4 1
234 36 4 1 1
234 40 1 5 1
234 48 2 2 0
234 30 4 2 0
237 29 4 3 0
238 62 5 3 1
238 57 2 4 0
242 52 5 2 0
244 56 2 3 0
246 87 4 2 1
247 56 1 5 1
247 11 2 2 1
248 88 1 3 1
248 36 3 4 0
249 47 1 3 0
249 2 3 4 0
249 54 1 2 1
250 68 3 4 1
251 5 5 5 1
254 70 3 5 0
256 59 3 2 0
256 33 3 3 1
259 46 5 1 1
260 43 3 5 1
262 5 3 3 0
265 13 3 1 1
270 54 3 5 1
271 32 2 3 1
274 88 4 1 0
274 69 3 1 1
274 78 4 4 1
278 6 1 5 1
283 34 5 1 1
283 72 3 1 0
284 38 1 3 1
286 51 4 2 1
286 10 4 4 0
287 35 5 3 1
288 1 4 3 1
289 12 5 2 0
290 43 4 2 0
291 27 2 4 0
291 19 1 3 0
291 27 2 4 0
291 30 2 2 0
293 32 1 2 1
293 59 3 5 1
294 63 4 4 1
298 66 5 1 0
299 77 5 2 0
300 4 2 5 1
300 81 3 3 0
302 16 1 5 0
302 57 2 5 1
304 78 2 5 1
304 74 4 1 0
305 44 1 5 0
306 32 3 3 0
307 61 3 4 1
307 59 1 3 1
308 41 4 3 1
308 90 1 2 0
309 47 2 3 1
309 86 1 2 1
310 1 3 5 1
310 85 3 1 1
310 15 2 2 1
310 7 2 3 1
313 47 4 1 1
314 73 2 3 0
314 68 1 2 1
318 43 4 1 1
319 61 5 2 0
319 13 4 2 0
319 12 1 1 0
321 23 1 5 1
322 76 2 3 1
322 20 3 4 1
324 13 5 5 0
325 66 2 1 0
325 79 4 3 1
326 28 1 3 1
326 67 1 2 0
327 54 4 1 0
330 28 2 1 0
330 15 4 1 1
330 65 1 3 0
330 81 5 5 1
331 7 1 3 1
334 42 4 3 0
337 21 1 2 1
338 34 2 4 0
339 28 2 3 1
340 84 1 3 1
341 69 3 3 1
343 42 5 2 1
343 81 2 4 1
344 29 1 3 0
344 55 5 5 0
345 87 1 5 1
345 68 5 1 1
347 30 5 2 1
347 33 2 1 0
348 26 2 4 1
349 75 3 4 1
351 82 1 5 1
352 68 5 4 1
353 3 5 5 0
353 10 2 1 1
354 90 2 1 0
356 29 5 5 1
357 31 4 3 0
358 10 3 3 1
365 30 5 5 0
365 28 4 3 0
365 36 4 1 0
368 23 5 3 0
368 25 2 1 0
369 39 4 1 1
372 13 1 1 1
376 23 2 5 0
378 50 2 4 0
379 58 4 3 0
379 78 5 1 1
381 50 4 4 1
382 79 2 5 0
382 18 2 3 1
384 73 4 1 0
384 86 1 2 0
387 58 4 4 0
389 22 3 4 0
390 36 1 5 0
390 29 2 4 0
393 80 1 1 1
395 27 3 5 1
396 53 4 3 1
398 62 2 4 0
398 22 2 4 1
398 61 2 3 0
398 38 1 1 1
398 8 4 3 1
398 60 4 4 0
399 43 1 1 0
400 76 5 1 0
401 52 1 4 0
401 80 5 3 1
403 25 5 3 1
403 71 1 4 0
404 21 5 5 1
406 25 4 2 0
410 32 3 3 0
416 21 3 5 1
417 12 5 1 0
419 41 4 1 1
419 36 4 2 1
421 38 4 1 1
423 46 5 5 0
423 84 2 2 0
425 41 3 1 0
425 74 1 2 0
426 78 3 5 1
427 33 2 3 0
428 33 5 4 1
428 65 3 5 0
429 33 5 4 0
430 83 1 4 0
434 12 3 3 0
435 15 4 3 0
436 69 4 4 0
436 45 4 3 0
437 14 5 2 0
437 53 2 5 1
439 72 4 4 0
439 60 1 3 0
440 7 4 3 0
441 15 2 2 1
443 64 2 3 0
443 10 4 2 0
444 88 2 5 1
444 61 3 3 1
444 44 3 1 0
444 31 2 5 1
446 5 1 5 1
451 83 4 2 1
453 64 5 3 0
455 13 3 1 0
455 84 2 2 1
456 51 2 5 1
457 69 4 1 1
458 84 4 5 1
460 9 2 3 0
461 72 1 3 1
462 2 5 4 1
463 45 4 1 1
463 13 2 4 0
463 35 2 5 0
464 88 1 1 0
465 21 2 2 1
466 64 3 3 0
466 40 2 4 0
466 54 2 1 0
466 14 5 4 0
468 54 5 1 0
468 42 2 1 0
469 62 2 3 0
472 4 1 4 1
474 36 4 4 0
474 77 4 4 0
475 50 5 5 0
477 16 2 1 1
480 53 5 1 0
482 11 4 2 1
484 15 4 4 0
486 49 3 3 0
486 41 1 2 0
486 6 5 4 1
486 24 3 4 0
489 13 3 5 1
490 37 5 3 0
491 11 3 4 0
492 20 4 2 0
493 11 4 4 0
493 56 2 2 0
494 60 3 2 1
494 76 5 4 0
494 91 4 3 0
497 6 2 2 0
498 21 3 5 1
499 36 2 5 0
499 65 2 5 0
501 77 4 5 0
501 64 5 5 1
502 19 3 3 1
502 12 5 1 0
508 90 5 2 0
508 47 4 1 0
509 43 2 5 1
509 70 1 2 1
510 51 2 3 0
513 44 1 4 0
514 63 5 1 0
516 79 4 5 0
516 17 1 1 1
517 58 2 4 1
517 1 1 3 1
518 9 2 5 0
519 12 4 1 1
521 14 5 5 0
521 67 2 5 1
522 46 4 1 0
523 10 4 1 1
524 82 5 4 0
524 38 1 2 1
525 26 1 3 1
526 35 2 4 0
527 61 2 5 1
530 83 1 3 1
533 1 5 2 0
533 38 5 3 1
535 15 3 5 0
539 9 3 3 1
541 62 1 3 1
543 7 2 5 0
543 9 2 5 0
543 37 5 3 0
545 85 2 3 0
548 79 3 5 0
549 8 2 1 0
549 60 5 5 1
551 56 3 2 0
555 30 5 4 1
556 31 1 2 0
556 36 1 5 0
558 72 5 3 1
558 48 5 2 1
559 62 2 4 1
560 8 2 3 1
561 71 5 1 0
563 13 3 3 0
564 91 3 1 1
566 1 4 2 0
567 46 1 1 1
568 52 5 2 0
568 62 5 5 1
569 62 5 4 1
570 41 1 1 1
571 29 3 3 0
573 7 5 2 1
573 6 5 2 0
573 58 2 1 0
573 47 1 4 0
574 19 2 4 1
576 53 4 2 1
576 57 5 1 0
580 43 2 3 1
583 82 4 3 1
584 43 1 1 1
586 7 2 5 0
586 38 4 4 0
587 47 3 3 0
587 78 3 1 1
587 1 4 4 1
588 60 2 1 0
588 36 1 3 1
588 9 4 4 0
589 39 5 4 1
589 85 5 3 1
590 45 2 3 0
591 41 1 3 0
592 45 2 2 1
594 39 1 1 0
596 37 1 4 1
597 2 2 2 0
601 34 1 4 0
602 21 2 1 1
603 77 5 4 0
603 9 3 4 0
605 28 2 3 1
607 24 5 3 0
608 34 3 1 0
610 47 1 5 1
613 26 5 2 0
615 23 5 3 0
615 36 4 4 1
616 91 4 5 0
617 56 2 1 0
617 82 4 4 1
618 14 4 5 1
618 32 4 3 0
619 41 4 3 1
619 62 1 5 1
620 76 2 2 1
621 70 5 4 0
622 83 4 4 0
623 25 1 1 1
623 12 3 3 0
623 82 4 2 1
625 5 4 2 0
626 71 1 5 0
629 89 5 2 0
630 3 2 2 1
631 42 1 5 0
634 19 4 1 1
634 6 4 4 0
635 45 1 1 0
635 52 4 1 1
636 23 2 1 1
638 51 5 1 0
639 57 4 4 1
643 15 1 3 0
643 21 5 1 0
644 12 1 1 1
645 34 5 1 0
647 30 5 2 1
648 37 2 3 1
654 45 4 3 0
654 22 3 3 1
655 63 5 1 0
655 77 3 4 0
655 18 5 5 1
657 76 3 5 1
660 91 1 5 0
660 61 5 3 1
662 29 5 1 1
662 49 4 2 1
662 84 4 3 1
668 31 3 5 0
668 41 4 4 0
670 86 5 1 1
671 3 5 2 0
673 90 1 4 0
674 86 4 2 0
676 60 5 3 0
677 70 2 4 1
680 88 1 5 0
680 81 2 4 1
681 78 2 1 0
683 68 1 1 0
683 81 4 3 0
684 84 5 1 1
685 66 1 4 1
686 87 1 4 0
687 19 1 1 0
691 72 3 4 1
695 71 4 5 0
696 54 5 5 0
698 50 1 4 1
698 29 4 1 0
699 18 3 1 1
699 65 5 1 1
700 51 5 4 1
700 1 4 1 0
701 5 1 1 1
705 65 4 5 1
707 27 3 2 0
707 42 4 1 0
710 80 2 2 0
711 60 3 2 0
712 68 5 5 0
712 49 3 1 0
713 53 5 3 0
714 60 5 2 1
714 47 2 3 1
715 10 5 2 0
716 29 2 3 0
716 84 2 5 1
718 83 3 4 0
719 66 5 4 1
721 50 3 3 0
722 17 3 3 1
723 6 1 4 1
725 24 5 1 0
726 67 5 2 0
726 75 1 3 1
728 64 5 5 0
730 46 2 1 0
730 3 3 2 0
730 68 5 2 1
732 69 5 2 0
733 28 3 3 0
733 83 5 2 0
735 15 3 3 1
740 60 3 3 1
741 63 5 1 1
743 59 1 2 1
744 7 5 4 1
745 71 4 4 0
745 66 1 2 1
745 22 3 4 0
746 10 3 3 0
747 15 1 2 0
747 51 5 5 1
748 36 1 1 0
748 26 3 3 0
749 25 2 4 1
750 29 2 4 1
750 87 5 4 0
752 26 1 4 0
752 53 1 3 0
752 48 1 1 0
756 56 4 5 0
756 70 2 4 1
759 82 2 3 1
759 32 1 1 1
760 59 1 4 0
761 31 2 1 0
762 2 2 1 0
764 8 3 5 0
767 5 1 1 1
770 32 2 2 0
770 55 3 2 1
771 86 5 5 0
773 49 4 5 1
773 85 2 3 1
775 34 5 1 1
777 5 1 4 0
778 47 2 3 0
779 37 2 1 1
779 22 2 4 0
779 88 2 2 0
780 75 1 2 0
782 26 1 5 0
786 90 1 5 0
787 76 3 3 1
787 9 5 1 0
789 80 5 4 0
791 29 2 5 0
792 71 4 3 0
793 75 4 1 1
793 76 5 1 0
794 3 4 1 0
796 66 5 4 0
796 27 5 1 1
797 69 4 5 1
801 36 2 1 1
802 89 4 3 0
804 90 5 3 0
804 57 3 3 0
807 77 3 3 1
807 42 2 1 0
807 51 2 3 1
810 91 4 4 1
810 17 1 5 0
812 85 3 4 0
812 73 1 3 0
813 5 2 3 1
814 57 4 2 0
814 86 5 3 0
814 72 3 4 1
815 19 1 4 0
816 59 5 2 1
821 7 2 3 0
824 90 3 1 0
827 62 3 1 1
827 14 2 5 1
828 39 1 3 0
829 10 4 5 0
830 14 1 1 0
831 33 1 1 1
831 9 5 4 1
832 3 5 4 1
833 41 5 2 1
834 67 1 1 0
834 48 1 1 1
835 82 4 3 0
835 6 2 2 0
837 83 3 2 1
838 18 4 2 0
839 70 3 2 1
839 15 3 2 1
839 3 4 5 0
841 12 3 1 0
842 58 4 1 0
845 60 4 1 1
845 8 2 2 1
847 65 3 4 1
848 19 2 5 1
852 19 1 2 1
854 80 3 2 0
854 64 1 3 0
855 36 3 3 1
857 12 2 4 1
858 38 5 4 0
858 39 1 4 0
860 65 5 1 0
861 69 4 3 0
861 87 3 5 1
861 9 4 3 1
861 81 4 1 0
862 76 5 3 1
863 6 3 3 0
863 33 4 5 0
863 61 1 3 0
863 60 2 1 0
864 32 1 1 1
864 4 5 2 0
868 57 5 3 1
868 39 5 2 1
869 14 5 1 0
869 33 1 5 1
870 35 4 2 1
871 89 2 5 1
871 66 3 1 1
872 43 5 5 1
872 65 3 3 1
873 71 5 1 0
873 5 2 4 0
874 8 5 1 1
874 8 4 3 0
874 89 5 1 1
874 42 4 2 0
876 7 2 1 0
876 33 5 3 0
876 58 4 4 0
879 58 3 1 1
881 46 5 1 0
882 11 3 2 1
882 2 3 2 0
883 38 1 4 0
885 32 1 4 1
885 30 1 2 0
888 72 2 3 0
893 37 1 4 0
893 66 5 5 0
894 18 2 2 1
895 22 2 3 0
895 11 5 1 0
898 71 2 1 1
899 53 1 2 1
903 37 5 4 1
905 49 3 1 1
905 44 2 4 1
906 62 1 2 0
907 19 3 1 0
909 2 3 5 1
909 39 5 5 1
909 68 1 4 0
910 90 3 2 0
910 61 1 1 0
911 7 3 5 1
911 48 5 4 1
913 22 4 3 0
913 65 3 5 0
914 37 5 1 1
915 4 4 5 0
916 88 1 4 0
921 64 3 4 1
922 61 3 1 1
922 76 4 1 1
924 40 2 4 1
925 15 3 3 0
927 28 5 4 0
928 76 4 3 1
928 16 1 5 0
929 37 4 2 1
930 89 1 2 0
930 85 3 1 1
930 82 4 2 1
932 2 2 1 1
932 47 4 4 0
936 50 4 2 0
939 51 2 5 1
940 45 5 5 1
941 33 4 4 1
942 64 3 2 1
942 35 5 5 0
943 2 2 4 0
946 43 5 1 1
946 5 4 2 1
947 5 1 4 0
947 13 4 2 0
947 55 4 1 1
949 7 4 3 0
950 5 1 2 1
950 43 2 2 1
953 74 1 5 0
953 1 4 2 0
955 22 2 3 0
956 31 1 1 0
956 22 5 5 0
957 15 1 2 0
958 51 1 5 0
958 87 2 4 0
959 47 3 4 1
960 40 2 3 1
960 11 3 2 1
963 19 1 1 1
965 72 3 5 0
967 68 5 1 0
967 57 2 2 0
967 70 2 5 1
968 70 5 3 1
968 54 1 4 1
968 89 2 1 0
970 32 5 5 1
972 81 4 1 0
976 34 1 1 1
978 3 5 5 1
978 89 2 1 0
979 83 2 2 0
979 22 4 5 1
980 17 4 2 0
981 64 1 2 1
982 85 4 1 0
982 16 4 3 1
983 57 5 5 1
984 91 3 3 0
984 20 1 4 0
985 67 3 1 0
987 80 3 2 1
987 71 4 1 1
987 77 2 2 1
992 78 3 1 1
992 8 2 3 0
993 35 3 3 1
993 25 5 3 0
993 57 3 2 0
995 65 4 4 0
88 692
1 22 5 3 0
3 50 1 1 0
3 27 1 3 1
6 77 3 1 1
7 27 1 5 1
10 23 3 4 1
12 70 5 2 0
12 27 5 3 1
13 82 2 1 1
16 20 2 3 1
16 84 1 4 1
18 22 4 5 1
19 33 1 4 0
21 7 4 3 1
21 65 5 2 0
22 41 4 3 0
22 26 1 5 1
25 23 1 1 0
25 20 2 5 0
26 51 1 4 0
29 16 3 4 1
31 88 5 5 1
31 4 2 2 0
34 27 3 5 0
35 5 1 1 0
36 73 4 5 1
37 81 2 3 0
40 29 2 4 1
40 71 3 1 1
45 64 1 5 0
45 29 1 3 0
46 58 1 1 0
47 66 1 5 0
58 82 5 1 0
58 32 1 5 0
60 2 2 2 0
65 10 4 5 0
65 34 1 4 0
65 66 2 2 1
67 62 5 1 1
69 48 2 3 0
69 3 2 5 1
70 6 5 5 0
70 71 4 5 1
79 29 5 4 0
79 69 3 4 1
79 35 5 2 1
79 71 5 4 0
80 43 2 5 0
80 87 4 4 1
80 60 4 1 1
81 54 3 4 0
83 71 3 3 0
84 28 5 3 1
86 20 1 5 0
89 71 5 2 0
89 65 3 2 0
91 48 1 3 1
92 60 1 5 1
99 62 4 2 0
99 69 1 4 0
102 32 3 5 1
104 61 3 4 1
106 59 2 4 0
112 36 2 5 1
112 12 5 5 0
114 23 2 4 0
116 13 1 1 1
117 74 2 2 1
119 41 3 4 0
120 4 5 4 0
122 42 1 5 0
126 82 4 5 0
131 42 4 1 1
133 42 4 5 1
133 78 2 1 1
134 57 2 3 1
137 10 3 3 1
142 85 2 4 0
143 5 2 5 0
146 31 2 1 1
148 42 1 3 1
148 6 5 2 0
149 16 4 5 1
152 88 4 4 1
155 66 2 2 1
156 75 1 5 0
158 12 3 2 1
158 35 3 2 1
159 88 3 4 1
160 36 4 1 0
160 65 5 1 0
162 55 4 5 0
163 49 4 4 1
164 16 2 1 0
166 8 3 4 1
167 80 3 5 1
167 18 3 3 0
168 3 2 2 1
168 16 1 5 1
169 47 5 5 1
177 46 5 5 1
177 21 1 4 1
178 87 1 1 0
178 47 5 4 0
180 32 5 1 1
180 58 4 4 0
181 14 1 3 1
184 64 5 4 0
184 44 3 3 1
184 43 2 3 0
186 44 4 5 0
186 72 5 1 1
186 86 4 5 1
186 12 3 2 1
186 84 5 4 0
190 54 5 5 0
190 60 4 2 0
191 37 4 3 0
193 14 5 1 0
193 59 3 3 0
194 80 2 5 1
199 41 3 3 0
199 71 3 2 1
199 46 2 1 0
200 6 4 1 1
200 83 1 4 1
202 65 5 5 0
203 4 3 4 1
204 79 5 2 0
204 70 4 4 0
205 12 1 1 1
208 22 5 2 0
210 4 2 3 1
211 37 2 5 0
211 69 1 3 0
214 28 1 5 1
214 66 3 2 0
215 69 3 5 1
217 68 2 2 1
218 30 1 2 1
218 85 5 2 0
223 81 3 3 0
223 74 5 3 1
227 10 3 4 1
228 13 4 5 0
229 53 4 2 1
229 50 2 3 0
230 53 3 5 1
231 38 2 2 0
232 45 2 4 1
232 51 3 5 0
232 65 5 3 1
233 27 3 5 1
233 1 3 4 0
234 46 5 3 1
239 19 5 5 1
239 81 3 2 1
240 80 1 2 1
240 66 4 4 0
242 6 1 5 0
243 74 5 2 0
246 37 4 1 1
247 77 4 3 1
249 31 3 4 0
249 65 4 2 1
250 60 4 1 0
250 51 2 2 1
252 56 3 1 1
252 20 2 3 0
254 75 3 1 1
254 1 4 5 1
255 9 5 4 1
261 72 2 1 1
262 86 4 4 0
264 23 1 3 1
265 59 2 4 1
266 4 4 1 0
266 4 3 4 0
267 68 5 2 0
268 47 2 2 1
268 80 5 2 1
269 55 4 1 0
270 3 1 3 0
271 75 1 5 0
271 23 5 4 1
271 54 5 5 0
273 17 5 2 0
274 88 2 4 1
275 4 1 4 1
276 79 2 5 1
278 7 5 2 1
279 40 3 1 0
279 23 3 3 1
280 21 4 4 1
281 61 4 2 1
281 31 1 2 1
281 26 2 3 1
282 81 5 1 0
283 55 5 5 0
285 27 1 2 1
286 61 1 3 0
287 84 5 2 0
288 4 5 4 1
288 53 2 5 0
289 25 4 3 0
289 62 1 2 1
292 25 2 1 1
298 11 2 5 1
299 27 5 3 1
300 5 3 1 0
300 25 2 4 1
305 9 4 1 0
309 62 3 2 0
309 19 3 1 0
311 32 1 4 1
313 52 3 5 0
313 38 5 5 0
316 16 5 2 1
316 36 4 5 0
321 17 5 2 0
322 69 3 5 0
323 50 4 2 1
324 18 1 4 1
324 50 2 3 0
325 37 4 2 0
326 15 5 4 1
326 56 2 2 1
327 39 1 1 1
331 64 2 5 0
331 87 4 1 1
332 18 3 2 0
333 52 5 3 1
336 80 2 5 0
337 6 2 5 0
339 49 4 4 1
341 80 4 1 0
344 45 5 1 1
344 80 5 1 1
347 48 2 2 0
348 34 5 1 1
349 83 2 1 0
350 47 1 4 0
353 61 5 2 1
355 16 5 3 0
357 49 5 3 1
358 72 5 1 0
359 85 3 5 0
362 29 5 1 0
363 39 3 5 0
364 67 2 3 0
364 45 1 4 0
366 80 4 5 0
367 47 1 5 1
367 73 5 5 1
368 15 3 5 1
373 86 1 4 1
374 71 2 5 1
374 19 2 3 1
375 45 4 1 1
378 23 5 3 1
379 88 4 5 0
379 28 2 1 0
381 73 2 3 0
382 61 3 4 1
383 52 4 1 1
386 76 3 2 0
387 59 2 5 0
388 39 3 5 0
388 59 2 2 1
388 77 1 2 1
389 14 1 3 1
391 86 3 2 0
394 67 3 5 1
397 3 2 1 0
399 79 5 4 0
401 24 3 4 0
401 67 4 3 1
402 25 2 5 0
403 4 3 1 1
403 26 5 5 1
406 13 5 5 0
406 45 2 3 1
408 28 4 2 0
409 62 1 5 0
411 63 5 4 1
412 71 1 2 1
414 38 4 5 1
417 33 3 5 1
418 63 2 1 0
418 22 1 2 0
418 20 1 5 1
420 84 3 5 0
422 30 2 3 0
422 34 5 3 1
423 23 2 4 1
424 54 5 3 1
426 2 1 1 0
427 61 4 1 0
431 27 2 2 1
432 39 4 5 0
434 14 2 1 0
435 32 5 3 0
436 79 4 5 0
437 78 5 1 1
437 2 1 3 1
439 14 5 3 1
439 48 1 3 1
440 50 1 5 0
446 13 5 5 1
446 8 1 4 0
447 14 5 1 0
448 47 5 5 1
462 56 3 5 0
462 22 5 2 1
464 51 2 4 0
466 51 3 5 0
467 34 5 2 1
469 68 1 3 1
472 72 1 4 0
474 41 5 4 1
474 11 3 2 0
478 21 2 2 0
480 61 4 3 0
480 56 5 4 0
486 75 2 3 0
490 15 3 3 1
491 61 5 3 0
492 14 2 5 0
492 47 5 1 1
494 40 3 3 0
498 51 4 1 0
499 76 4 1 0
499 28 5 5 1
502 17 3 5 0
505 55 4 3 1
506 69 1 1 1
507 4 5 5 1
507 73 1 2 1
508 4 2 2 0
508 63 2 3 0
509 22 2 5 0
510 16 4 2 0
510 26 4 5 0
512 19 5 3 0
515 31 4 1 0
515 66 2 4 0
517 3 1 3 1
520 3 3 5 0
521 39 4 1 0
521 25 1 4 1
527 62 1 4 1
528 80 1 3 0
528 86 1 4 1
533 10 1 1 0
534 32 2 1 1
539 1 3 2 0
542 63 4 4 0
547 67 2 4 0
547 74 4 4 0
549 78 4 5 0
552 29 4 2 0
554 41 1 4 1
554 80 2 5 1
555 33 5 1 1
555 85 3 2 0
557 22 5 5 1
557 83 2 4 1
558 47 3 4 1
560 51 4 4 0
561 74 1 3 0
561 26 3 5 1
563 61 2 1 1
566 85 5 2 0
567 25 4 1 1
568 55 5 1 0
568 9 3 5 0
568 83 2 5 1
569 36 2 3 0
569 27 5 5 1
570 14 3 1 0
572 11 4 2 0
572 50 4 2 0
572 57 2 4 1
573 26 5 3 1
576 82 3 2 1
576 28 3 4 0
576 21 3 3 0
576 22 4 5 0
576 46 1 4 0
577 4 5 4 0
577 24 1 4 0
579 39 1 3 0
583 61 2 2 0
583 85 5 1 0
586 24 1 5 1
586 22 1 2 0
588 84 3 2 1
590 33 4 4 1
592 18 3 5 0
596 49 1 3 0
600 60 4 5 1
601 23 1 2 0
603 13 5 4 1
604 74 1 1 1
604 4 1 3 1
606 85 5 4 0
606 72 3 2 1
606 26 4 2 0
606 47 3 1 0
608 25 3 2 0
609 31 2 2 1
610 62 3 3 0
611 74 5 1 1
613 71 1 2 1
614 27 1 4 1
614 87 4 4 1
616 65 2 1 0
616 8 1 3 1
618 43 5 2 0
622 5 4 3 0
625 51 1 2 0
626 35 2 1 1
627 28 4 1 1
630 65 5 5 1
632 77 4 1 0
633 63 3 2 0
633 22 4 5 1
634 3 1 1 0
637 47 4 2 0
641 18 5 2 0
643 17 1 1 1
647 62 5 5 0
655 30 1 4 1
655 78 1 3 0
656 73 2 2 0
656 70 1 3 1
659 15 3 2 1
660 67 5 5 1
661 69 3 5 0
663 43 3 1 0
663 23 5 1 1
667 52 5 1 1
667 4 5 4 0
667 85 2 5 1
668 73 2 5 1
670 20 2 2 1
674 30 4 3 0
676 39 1 5 1
679 75 2 1 0
679 28 2 4 0
681 83 2 2 0
683 38 4 5 0
686 36 2 5 0
687 85 1 2 1
688 29 3 2 1
688 7 1 1 1
689 14 1 1 0
690 5 3 4 0
690 24 4 5 1
692 4 2 1 1
692 79 2 5 1
696 76 4 3 1
699 56 4 1 1
702 71 5 4 0
706 53 5 4 0
707 58 3 1 0
708 54 3 3 1
711 7 3 1 1
714 22 2 4 1
714 15 3 4 1
714 56 5 2 1
715 42 3 5 1
716 35 1 3 0
716 67 1 2 1
717 71 5 4 1
719 9 5 3 0
721 12 4 3 1
722 47 2 5 1
722 33 4 4 0
722 30 1 3 0
724 33 1 5 0
726 12 4 2 0
726 9 5 5 0
727 39 2 1 1
728 65 4 2 1
730 44 5 1 0
732 15 1 3 1
732 11 5 5 1
734 44 1 2 1
736 20 4 1 0
738 43 2 1 1
739 75 3 1 1
741 61 3 3 0
741 46 2 1 1
741 56 2 2 1
745 84 4 3 1
745 51 5 5 0
746 84 4 2 1
747 80 5 2 0
747 2 1 5 1
748 38 3 4 1
748 59 1 3 0
748 71 5 5 0
749 44 5 5 1
751 58 4 2 0
752 29 1 2 1
758 87 1 1 0
759 22 4 4 0
761 72 5 3 0
764 86 1 4 1
766 69 3 1 0
767 5 2 1 1
768 86 1 1 0
769 1 4 3 0
769 42 4 4 0
770 79 2 3 0
771 14 4 3 1
771 54 2 4 0
773 45 5 5 1
774 62 2 1 1
774 11 2 5 1
776 14 1 3 1
777 13 4 3 1
783 49 2 3 1
784 32 2 4 0
785 12 5 3 1
787 12 4 1 1
787 49 1 3 1
787 50 4 2 1
788 63 2 3 1
788 25 5 5 0
792 34 5 1 1
792 80 1 1 0
792 31 2 4 0
795 85 3 2 0
799 67 1 4 1
799 59 3 5 1
802 51 5 3 1
802 24 2 1 0
809 5 5 4 0
810 6 2 1 0
810 37 4 3 0
811 35 1 4 1
812 43 3 1 1
813 27 5 4 0
815 67 3 5 1
816 51 5 1 1
818 13 4 4 1
820 86 1 4 0
821 71 1 1 1
822 48 5 4 1
823 86 2 4 1
831 65 1 1 1
832 42 2 1 0
833 59 5 2 1
833 6 5 3 1
835 18 2 1 1
837 10 5 4 1
837 82 5 2 0
838 28 1 5 0
840 19 4 3 0
841 1 4 3 0
843 34 1 1 0
845 9 2 3 1
846 13 1 5 1
849 83 5 5 1
849 11 5 5 1
850 33 2 1 0
852 67 1 1 1
854 44 3 4 0
854 78 2 3 0
854 15 4 1 0
855 72 4 1 0
855 5 5 4 0
857 31 2 2 0
859 65 5 4 1
859 4 5 3 0
860 35 5 2 0
861 73 1 3 1
861 5 3 4 1
861 30 2 5 1
862 30 5 3 0
862 43 2 4 1
863 24 2 2 0
863 26 4 3 0
863 3 5 2 0
865 78 5 5 1
866 43 3 3 1
866 68 2 3 1
867 52 5 4 0
867 86 3 3 1
868 26 2 1 1
869 25 1 4 0
873 50 4 3 0
873 73 1 1 0
874 27 2 2 1
874 67 1 5 0
876 68 2 4 0
878 7 3 1 1
879 5 4 1 1
880 83 3 3 0
881 77 4 3 1
881 51 4 4 0
881 36 3 2 0
882 37 1 2 0
883 52 1 3 1
884 46 3 2 1
885 11 1 5 1
887 68 1 5 1
891 75 4 1 1
891 67 1 5 1
891 83 5 2 0
891 66 5 1 0
895 23 5 4 1
899 85 4 2 1
899 84 4 2 0
904 43 5 5 0
904 10 4 4 0
907 71 1 3 1
909 82 4 3 1
910 63 1 2 0
912 8 4 1 1
913 30 3 3 1
914 17 2 5 0
917 41 1 4 1
917 62 3 4 1
920 20 5 2 1
921 65 5 2 1
922 55 4 1 0
928 37 2 4 0
928 85 3 4 0
934 59 1 4 1
935 48 5 4 0
938 86 4 4 1
939 11 3 4 0
940 55 5 4 0
940 41 5 4 1
943 84 5 5 0
944 60 3 2 0
945 10 5 2 0
945 33 4 1 0
946 24 1 2 1
946 64 1 1 1
948 85 5 5 1
949 52 3 5 0
950 82 5 5 1
951 27 3 4 0
951 31 4 4 1
951 74 5 1 0
953 10 4 5 1
953 27 3 2 1
953 86 5 5 1
954 10 1 5 0
954 71 1 5 0
956 33 4 1 1
958 53 3 5 1
961 25 2 1 1
962 14 2 5 0
962 28 1 4 0
963 40 4 2 0
964 27 3 3 0
965 60 3 4 1
967 78 2 2 0
967 77 5 3 0
968 86 5 3 1
968 25 3 1 1
968 66 5 5 0
969 34 2 1 0
969 5 5 2 0
970 59 5 5 1
974 38 3 4 0
975 46 4 4 0
980 48 5 3 0
982 81 3 5 1
983 55 2 2 1
985 62 4 5 1
986 73 4 3 1
987 56 4 4 0
987 51 4 2 1
988 26 1 1 0
988 5 5 3 1
989 29 1 2 0
992 45 3 4 1
993 19 2 1 1
993 48 5 3 1
993 67 3 3 0
994 12 4 1 1
995 86 5 2 0
995 30 4 5 0
999 21 4 3 1
1000 17 2 1 0
90 708
2 51 2 1 1
5 59 1 5 1
5 89 3 1 0
7 47 4 2 1
8 29 1 5 1
9 83 1 4 0
9 63 5 4 1
10 90 3 1 0
10 71 3 5 1
11 16 4 5 0
11 24 4 5 0
12 5 1 4 0
12 38 3 5 0
15 79 1 2 1
16 57 1 3 1
20 75 5 3 0
20 21 4 4 1
23 42 5 1 0
26 44 3 2 1
27 85 2 3 0
27 52 4 2 0
27 53 3 2 0
28 81 3 2 1
29 81 5 1 0
29 87 2 4 1
30 74 1 2 0
32 90 3 5 0
34 63 5 1 1
35 62 3 2 1
35 56 5 2 0
39 61 4 4 1
39 2 2 4 0
41 19 5 4 1
42 66 3 2 1
42 23 1 5 0
43 32 4 2 1
46 66 5 1 1
46 35 5 3 0
49 59 2 3 0
50 25 1 4 1
52 76 3 3 0
53 10 5 1 1
55 20 3 4 1
55 17 2 2 1
57 75 1 4 1
59 75 4 1 0
59 37 4 2 1
63 48 2 4 0
64 42 3 3 0
65 10 1 2 1
67 90 3 3 0
67 14 5 5 1
69 20 1 5 0
76 40 2 1 0
78 43 5 2 0
79 72 2 3 0
79 73 5 5 1
80 82 4 1 0
81 16 3 1 1
86 74 5 3 1
88 21 3 1 0
91 82 2 3 1
92 3 4 2 1
93 89 1 3 0
93 35 5 5 0
93 82 4 5 0
94 19 4 5 1
96 4 5 5 0
98 51 5 4 1
101 27 4 3 0
101 60 2 2 1
102 83 2 1 1
103 59 2 2 1
103 59 2 2 1
109 28 2 1 0
110 73 3 2 1
111 31 3 3 0
111 47 2 4 1
112 31 2 4 0
112 52 5 1 1
113 33 4 3 1
114 37 2 3 1
116 19 5 3 1
116 61 2 4 1
117 70 2 2 0
117 17 2 2 1
119 10 3 3 0
120 7 3 3 1
121 40 4 1 0
121 20 4 1 0
122 50 5 3 1
125 29 1 5 0
126 31 2 3 0
131 69 3 5 1
131 55 1 1 1
132 56 3 5 0
132 16 4 2 1
135 84 2 2 0
136 23 4 5 0
138 49 3 2 1
142 21 2 3 0
146 29 2 2 1
146 87 1 3 1
148 31 5 1 1
148 25 1 5 0
148 46 3 5 1
149 19 3 5 0
149 88 4 5 0
150 90 3 4 0
152 57 1 5 1
156 44 3 2 1
156 20 4 4 1
157 6 3 5 1
160 86 5 4 1
160 26 4 4 0
161 70 2 3 0
162 88 2 4 1
162 44 1 5 0
163 50 2 2 1
163 75 5 3 1
163 1 1 2 0
165 19 1 3 0
167 77 3 5 0
168 52 4 2 1
168 16 1 1 0
169 21 1 2 1
173 74 4 3 0
174 11 2 4 0
175 88 5 2 1
175 6 3 4 1
177 10 4 1 1
177 69 1 4 1
177 30 3 1 1
179 56 3 5 0
179 80 2 3 0
181 47 1 4 0
183 40 3 1 0
183 26 4 2 0
184 64 4 5 0
184 83 2 1 1
187 66 5 4 1
189 31 1 1 1
192 59 1 4 1
195 1 1 2 1
197 35 3 5 1
201 80 2 3 1
203 66 5 2 1
203 55 4 1 1
204 31 5 4 0
205 56 2 5 1
206 71 3 1 1
211 5 3 2 0
211 80 1 2 1
214 30 2 3 1
214 83 2 1 1
216 84 2 5 0
217 9 4 4 0
217 62 2 1 1
218 37 2 3 0
219 84 2 3 1
219 67 1 5 0
222 33 2 2 1
223 48 1 2 1
225 38 5 2 0
226 79 1 4 0
226 39 3 4 1
227 19 5 5 0
227 88 2 4 0
228 49 3 3 0
230 48 3 1 1
234 20 2 1 1
236 83 1 5 0
237 28 2 2 1
241 10 1 5 1
243 18 4 4 0
245 29 1 5 0
246 6 2 2 0
249 28 4 1 1
249 43 1 2 0
249 66 4 3 1
249 8 5 1 1
251 79 5 1 0
254 56 4 4 0
258 27 5 2 0
259 40 1 2 1
259 9 4 1 1
260 89 4 4 0
260 88 5 5 0
261 51 3 2 0
269 23 1 3 1
270 50 3 5 1
272 14 4 2 0
273 7 2 4 0
273 74 5 5 1
273 67 4 4 1
275 6 5 4 0
275 7 2 5 0
280 64 5 1 0
281 81 4 5 0
281 19 2 5 1
282 69 5 1 0
283 48 1 2 1
283 84 5 3 1
285 47 1 4 0
285 90 3 3 1
287 40 3 3 1
287 78 3 5 0
289 42 3 1 1
290 51 1 2 0
291 45 1 3 1
292 54 5 2 1
294 25 1 3 1
295 57 4 4 0
298 49 3 3 1
299 26 3 5 0
299 40 3 2 0
300 78 2 1 1
301 36 2 3 0
304 79 5 3 1
306 9 3 3 0
307 3 2 3 0
309 44 3 2 0
312 72 1 3 0
313 70 2 4 0
314 84 4 3 1
314 10 5 5 1
318 10 3 2 0
321 15 4 2 0
321 67 5 1 1
323 59 3 1 0
323 45 2 4 1
326 67 5 3 1
329 44 3 2 1
332 11 5 4 1
336 36 5 5 0
339 88 5 1 1
342 45 3 4 0
344 51 1 4 1
344 80 3 2 1
348 42 5 5 1
348 50 5 3 1
348 62 1 3 0
349 7 5 3 0
350 70 5 2 0
351 66 3 1 0
352 54 4 4 1
354 14 3 3 0
356 50 3 1 0
359 24 5 3 1
360 86 3 4 1
362 74 3 1 0
364 40 2 3 0
365 46 5 3 1
367 53 1 2 0
368 59 3 4 0
370 64 2 2 1
371 61 4 5 1
372 8 3 1 1
376 67 2 3 0
378 36 4 2 0
380 66 4 2 0
380 70 3 2 0
381 66 5 2 0
382 13 1 3 0
382 52 1 2 0
382 20 1 3 0
387 61 5 5 1
388 89 3 2 0
388 34 4 4 1
388 64 5 5 1
389 3 3 4 1
391 41 3 4 0
391 1 2 3 1
391 36 1 2 0
392 74 5 5 0
393 87 2 5 1
397 71 3 1 1
398 78 3 5 1
399 16 3 1 1
400 20 3 2 0
401 77 5 2 1
403 1 2 4 0
403 47 1 4 0
406 62 2 1 0
407 39 2 5 0
409 9 1 1 1
410 65 5 1 1
411 26 3 1 0
412 34 4 3 0
415 33 4 2 0
418 60 1 3 0
418 38 2 3 0
418 20 2 4 1
421 12 3 1 0
423 22 1 2 0
424 72 5 1 1
426 54 5 5 0
429 52 1 4 1
430 65 1 1 1
432 50 1 4 0
435 61 2 1 0
438 12 4 2 1
438 78 4 1 1
439 63 2 2 0
439 26 3 2 1
442 61 3 2 0
445 72 1 2 0
446 67 5 3 0
446 14 3 5 1
447 55 3 5 0
449 42 2 5 1
452 28 5 3 1
452 38 5 2 1
452 24 4 1 1
453 54 5 4 1
453 49 2 1 0
459 64 1 2 0
459 61 1 3 0
463 28 5 1 0
463 34 3 2 0
463 72 3 1 0
467 73 3 2 1
468 36 2 3 1
468 55 5 5 0
471 80 1 4 1
471 90 1 3 0
472 51 3 2 0
472 13 1 5 1
472 77 3 4 0
473 73 3 5 1
474 24 4 4 0
477 48 1 1 0
477 3 2 1 0
478 12 1 1 0
479 60 3 4 1
481 21 1 3 0
482 21 2 1 0
482 50 2 3 1
482 79 2 4 0
482 83 1 2 1
485 37 4 1 0
487 78 2 4 0
487 11 2 1 0
488 32 4 1 1
490 70 2 1 1
491 84 1 4 1
491 71 2 4 1
495 7 2 4 0
498 4 1 4 1
499 41 4 3 0
501 33 3 5 1
502 81 3 1 0
506 84 5 5 0
508 36 2 1 1
508 38 3 5 0
508 34 3 2 0
509 76 3 4 0
509 55 2 4 1
511 50 1 5 0
513 76 1 5 0
517 60 2 3 0
517 90 4 2 1
518 4 4 5 0
518 60 4 1 0
518 41 4 1 0
519 6 3 1 1
519 66 4 1 1
519 11 3 3 1
521 52 1 3 0
526 78 1 2 1
530 70 4 2 0
531 43 2 1 0
531 58 2 5 1
533 30 2 5 1
536 13 5 3 0
536 73 1 1 1
537 28 1 4 0
538 44 2 5 0
538 4 2 2 1
542 24 4 4 1
545 81 4 1 1
546 47 5 1 0
546 42 3 4 0
546 47 2 1 1
551 65 4 1 0
552 32 1 3 0
553 47 2 1 0
554 29 2 1 1
556 55 2 1 1
558 83 1 5 0
559 27 1 2 1
559 12 3 2 0
560 88 1 2 1
562 54 1 5 0
562 34 5 1 1
563 34 3 1 1
563 12 5 3 0
564 82 2 4 1
564 67 3 2 0
566 63 2 3 1
566 83 5 5 0
572 66 1 3 1
575 80 2 1 1
580 31 4 4 1
581 12 3 2 1
581 73 3 1 1
582 59 4 3 0
582 65 3 4 1
583 18 1 3 1
584 25 3 5 1
584 51 3 4 0
584 58 3 1 0
587 57 5 3 1
588 84 3 4 1
589 40 2 2 1
593 21 3 1 1
595 46 2 5 0
596 17 2 4 1
596 14 5 4 1
597 5 1 3 1
599 44 1 1 1
600 72 4 5 0
602 90 5 5 1
603 55 3 3 1
605 42 1 1 0
605 27 4 3 1
606 12 3 2 0
606 34 1 3 1
609 5 3 3 0
613 74 1 5 1
615 58 3 2 0
615 64 1 4 1
616 25 3 4 0
616 23 4 1 0
618 9 2 3 1
620 70 2 4 1
621 87 3 4 0
622 33 5 4 0
624 56 5 4 1
624 49 5 1 0
626 50 4 4 0
627 72 3 5 0
629 26 5 2 0
630 8 2 1 1
631 25 5 2 0
633 5 3 2 0
634 78 2 5 1
636 38 5 3 1
638 63 4 4 1
638 86 5 4 1
640 70 4 4 0
641 59 3 4 0
643 59 5 3 0
643 25 3 4 1
645 37 1 3 0
646 71 4 5 0
646 29 5 1 0
646 23 1 1 1
649 26 1 4 1
657 74 5 4 1
657 30 1 4 1
661 50 3 1 0
663 67 3 4 1
663 50 1 2 1
665 81 2 1 0
666 82 3 5 1
666 60 2 3 1
666 90 5 5 0
667 88 5 1 1
667 67 3 2 0
669 11 4 1 1
672 21 4 3 0
672 27 3 2 1
673 42 5 4 0
674 53 1 1 1
676 62 4 2 1
677 35 2 4 0
677 5 4 5 1
678 87 1 1 0
679 29 2 2 0
680 2 4 2 1
680 7 5 3 0
681 26 1 3 0
683 26 3 1 0
683 32 3 4 1
685 65 4 5 1
685 12 3 5 0
688 34 5 3 0
690 22 1 3 1
693 48 1 5 1
693 65 2 5 1
696 59 4 5 1
697 89 2 2 0
699 31 1 3 0
701 23 3 4 1
702 11 3 3 0
705 3 4 4 0
705 83 5 3 0
706 68 2 5 1
706 20 5 4 1
706 62 4 1 1
708 12 5 3 0
708 32 2 2 0
710 72 5 5 1
711 61 4 5 0
712 51 4 4 0
712 45 5 1 0
716 27 4 2 1
718 16 3 5 1
718 25 4 5 0
718 72 2 4 1
719 27 5 4 0
720 78 5 1 1
725 38 2 1 1
726 62 4 2 1
726 15 2 5 1
726 37 2 5 1
728 18 5 1 0
728 20 1 3 0
728 19 2 5 0
729 77 4 1 1
729 7 2 1 0
730 76 1 5 1
736 59 1 3 1
736 65 1 5 1
736 19 1 1 1
737 9 2 3 0
741 82 1 1 0
742 42 1 5 1
744 61 3 2 0
753 5 5 4 1
753 61 2 1 0
754 2 4 4 0
756 86 2 4 0
756 38 3 3 0
757 45 3 4 0
757 15 4 5 0
758 90 3 4 0
759 24 1 1 1
760 48 1 2 1
765 18 4 5 0
766 37 3 3 0
766 84 3 2 1
767 67 2 2 0
767 14 2 5 1
770 64 1 4 1
770 56 2 3 1
776 67 4 4 0
776 37 5 3 1
776 21 4 5 1
777 37 4 3 1
777 45 2 4 0
779 10 3 5 1
781 5 1 1 0
782 75 4 3 1
786 61 5 1 1
786 69 1 3 0
789 41 2 1 0
791 52 1 2 1
791 68 3 4 0
793 64 5 3 1
793 67 5 4 1
796 76 2 2 1
796 34 1 1 1
797 11 5 4 0
797 44 3 5 0
798 57 1 4 0
798 62 1 4 1
802 58 5 1 1
802 2 1 3 0
802 52 5 1 1
803 20 2 5 0
806 81 3 1 1
809 7 5 3 0
811 14 3 3 0
812 40 2 1 1
812 44 1 4 0
812 45 4 2 1
816 55 2 2 1
817 77 4 2 0
819 88 2 1 0
820 46 3 5 1
821 23 3 4 1
821 66 4 5 1
822 66 4 5 0
823 72 4 4 0
830 13 3 4 1
830 60 2 5 1
831 30 4 1 1
835 6 3 2 1
837 29 1 4 0
841 54 2 2 1
842 30 3 5 1
843 62 4 1 1
846 85 4 1 0
847 20 2 2 1
849 23 5 1 0
852 69 1 5 1
853 66 1 2 1
857 16 4 3 0
857 40 2 2 0
858 38 5 2 0
858 58 4 3 1
859 66 5 5 0
860 86 4 3 0
863 69 5 3 1
866 42 5 1 0
866 86 5 5 0
868 36 5 2 1
870 22 4 3 0
871 53 4 1 1
872 45 1 1 0
873 55 3 1 1
876 30 4 5 1
878 39 5 4 0
881 80 4 3 0
883 88 1 3 1
885 4 3 5 0
885 59 1 5 0
886 54 1 1 0
888 85 3 2 1
888 13 3 2 1
889 31 3 3 0
890 59 3 5 0
891 90 2 5 1
891 60 1 5 1
892 25 1 4 0
892 14 1 5 1
892 75 4 5 1
894 66 1 4 0
897 32 4 4 1
897 73 2 5 1
898 77 3 4 0
899 15 3 3 0
899 1 3 5 0
901 58 5 3 1
904 26 3 3 0
905 90 3 1 1
905 12 5 1 0
906 38 3 4 1
907 15 2 3 0
908 27 3 1 1
909 75 2 2 1
910 75 1 1 0
911 73 4 4 0
911 52 4 3 1
911 83 5 1 0
915 16 5 1 1
915 16 5 3 0
917 47 2 4 0
917 82 5 3 0
921 78 1 1 0
921 50 4 4 0
921 69 5 3 1
923 89 2 5 0
926 19 4 3 1
930 47 5 1 0
931 58 3 1 1
932 25 1 2 0
932 37 5 4 0
934 70 5 3 0
935 24 4 1 0
936 31 5 4 1
938 65 4 5 0
940 82 3 5 1
941 48 5 4 0
945 78 1 1 1
947 43 4 4 0
949 38 5 3 1
950 37 2 2 0
954 59 4 2 1
956 75 1 3 0
956 61 5 2 0
957 62 4 3 0
957 26 2 5 0
958 76 2 2 1
958 89 5 3 1
959 78 2 5 0
959 61 4 2 1
960 35 5 3 0
962 6 3 1 1
962 89 3 2 1
963 53 5 5 1
966 59 4 1 1
968 66 3 3 1
970 48 1 1 0
973 49 5 2 0
974 14 5 3 1
974 86 4 1 1
980 69 3 2 0
981 89 4 4 0
983 22 4 4 1
983 32 3 2 0
986 6 2 3 0
988 76 1 1 1
989 85 4 1 0
989 24 4 5 0
989 19 3 2 0
989 89 1 3 1
990 38 3 4 0
991 35 1 1 0
992 21 4 2 1
992 39 4 2 1
992 1 1 4 0
993 13 4 4 0
997 38 1 1 1
998 88 1 3 0
998 51 2 3 1
57 557
3 18 5 5 0
4 43 5 5 1
4 27 3 4 1
5 17 4 4 0
6 57 2 5 0
6 6 2 3 1
7 49 4 1 1
9 49 2 5 1
12 3 5 5 1
13 3 5 1 0
17 38 3 4 1
19 30 3 4 1
25 19 3 2 0
27 43 2 5 1
32 51 4 5 1
34 42 1 1 0
34 50 3 2 0
36 54 4 3 0
41 38 4 4 1
41 34 3 5 1
43 55 4 3 0
44 16 2 4 1
45 14 2 1 0
45 9 3 2 1
46 19 1 1 0
47 6 5 1 1
50 2 1 5 1
50 52 2 1 0
51 53 2 1 1
59 25 1 5 0
60 42 2 1 0
67 41 4 3 1
71 53 4 3 1
71 20 2 2 1
73 29 3 3 1
76 4 1 5 1
76 25 4 5 0
77 53 4 2 0
77 8 2 4 0
80 33 1 1 1
82 45 1 4 1
83 54 2 1 0
88 52 5 5 0
88 44 5 1 0
91 1 3 5 0
92 14 4 4 1
95 54 4 4 0
96 37 1 3 0
98 43 1 3 1
98 55 5 2 0
101 20 5 2 1
103 33 2 3 1
105 39 2 4 0
109 53 5 4 0
109 3 2 3 0
110 47 2 2 1
111 40 5 4 0
112 44 4 2 1
113 37 3 3 0
113 9 4 5 1
115 38 2 3 0
115 31 1 1 0
116 7 4 5 0
118 53 3 4 0
118 40 4 3 0
119 13 3 1 0
125 52 1 2 0
126 19 4 1 1
128 13 5 2 0
129 46 1 1 1
130 37 1 3 0
130 26 3 4 1
131 54 4 2 1
134 19 1 4 0
138 40 2 4 0
139 35 2 1 0
142 17 5 3 0
144 21 2 1 1
144 21 3 1 1
145 38 2 3 0
146 39 5 4 1
146 11 1 3 1
146 57 5 4 0
147 39 5 3 1
148 56 4 3 0
149 44 3 5 1
155 12 1 1 0
156 47 5 2 0
157 48 2 3 1
160 1 2 4 0
162 3 2 2 0
164 20 2 1 0
167 53 1 4 0
169 3 3 5 0
171 47 5 4 1
173 49 5 5 1
173 48 2 2 0
176 30 2 2 1
178 17 1 5 1
178 27 3 1 0
179 30 2 2 1
181 35 5 4 1
183 16 1 5 1
183 15 3 4 1
185 43 2 3 0
186 10 1 5 1
187 30 3 4 0
189 4 3 3 1
198 31 3 2 0
199 38 2 5 1
199 36 1 1 1
199 44 3 4 1
200 56 1 2 0
203 41 5 3 1
203 7 5 3 1
204 54 5 2 1
208 36 4 1 1
214 10 4 5 1
214 57 3 1 0
217 11 1 5 1
217 1 3 5 0
219 48 2 2 1
222 9 5 5 0
226 11 5 4 0
226 11 2 2 0
227 20 5 1 0
227 32 2 4 1
228 38 1 1 1
230 32 5 1 1
231 26 2 3 0
235 28 1 3 1
236 17 3 5 1
239 44 3 2 1
239 51 1 3 1
240 18 4 1 0
240 57 5 2 1
245 10 5 5 1
245 23 1 4 1
245 31 5 4 0
248 25 3 1 0
252 13 3 1 0
257 28 3 5 0
258 28 4 2 1
259 51 1 5 1
261 13 1 5 1
263 54 5 5 0
266 3 4 2 1
267 16 3 3 1
268 12 5 3 1
268 13 5 1 1
269 13 1 4 0
270 51 5 3 1
271 46 4 5 0
278 22 5 2 0
278 28 5 1 1
279 53 5 1 1
281 39 2 4 0
282 40 2 1 1
283 49 1 1 0
285 55 1 4 0
291 13 1 2 0
292 53 4 1 0
293 48 1 2 1
297 53 5 1 1
302 29 3 1 1
304 16 3 3 1
305 56 2 4 1
305 45 4 3 0
306 49 3 5 1
309 25 3 2 0
311 35 4 3 0
311 50 5 3 0
312 56 1 2 1
312 22 1 1 1
313 52 5 4 1
313 17 5 4 0
315 50 2 5 0
315 23 2 4 1
321 37 4 1 1
322 53 3 2 1
323 38 3 2 1
326 31 5 4 1
329 16 5 3 0
330 47 1 3 1
331 48 3 5 1
333 9 4 4 0
334 8 5 5 1
336 46 3 4 1
337 22 4 1 1
338 27 4 4 1
339 29 1 1 0
343 18 2 2 0
343 32 5 3 0
345 26 1 3 1
345 12 1 4 0
348 47 1 1 0
348 10 3 3 0
349 50 1 1 0
350 2 4 2 1
351 57 5 5 0
352 54 4 4 0
353 21 5 4 0
354 38 2 3 0
355 38 2 3 1
356 57 2 4 0
357 23 3 1 0
360 12 4 1 0
361 47 3 4 0
362 53 1 5 0
363 45 1 5 1
363 14 3 3 1
364 17 5 3 0
365 34 2 5 0
368 13 2 1 1
368 35 5 3 1
369 55 4 1 0
375 27 3 5 0
376 12 5 2 0
378 23 1 4 0
380 24 1 2 1
381 55 1 1 1
382 19 1 2 1
383 34 1 4 0
388 3 3 3 1
388 48 5 2 0
396 11 1 3 0
397 20 4 4 1
401 25 4 2 0
403 11 4 1 1
405 50 2 5 0
405 30 4 5 1
409 15 3 1 1
410 46 3 1 0
412 13 4 5 0
415 24 2 1 1
417 51 4 2 1
417 6 4 5 1
420 40 4 5 0
422 14 5 1 1
422 45 2 1 0
425 44 1 1 1
426 31 3 1 0
426 39 3 2 0
427 21 4 5 0
429 52 5 1 0
429 18 1 1 0
431 28 5 3 0
434 48 3 5 1
434 28 3 5 0
434 24 2 1 1
440 5 3 3 1
441 4 4 5 0
443 19 4 3 1
446 47 3 5 0
448 42 2 2 0
450 51 2 4 1
451 56 4 1 0
453 40 1 5 0
453 10 4 5 0
456 55 3 2 1
456 15 5 5 0
456 3 4 3 0
458 57 1 2 0
459 51 4 1 1
464 48 1 2 1
468 30 4 3 1
469 30 1 1 1
474 39 5 5 0
476 20 2 2 1
479 27 2 1 1
482 22 3 5 1
485 12 1 3 1
487 25 3 4 0
491 56 2 4 0
494 32 1 3 1
495 41 3 4 0
496 43 1 5 1
498 27 1 3 0
499 2 2 2 1
502 31 1 3 1
503 52 5 3 1
503 6 2 3 0
504 19 5 3 1
506 19 4 5 0
506 45 2 5 1
508 40 2 5 0
509 2 3 4 1
510 31 5 5 1
511 44 5 5 0
511 36 4 3 1
511 24 1 2 1
511 57 2 3 1
520 14 4 3 0
521 22 4 1 1
529 9 1 2 1
531 40 2 5 1
532 4 4 4 1
533 17 5 3 0
534 17 1 3 0
534 27 4 2 1
534 1 1 1 1
536 55 5 3 1
541 28 5 4 0
541 29 2 2 1
543 47 2 2 1
544 50 1 4 0
545 43 5 1 1
546 53 2 1 0
546 6 3 2 1
548 5 5 3 1
549 40 1 2 1
549 13 2 2 1
550 32 2 3 0
550 26 1 1 1
551 46 1 4 0
552 15 3 4 1
556 25 1 3 0
561 28 4 1 0
561 39 5 5 1
563 9 3 4 0
563 9 5 4 0
564 2 3 4 0
564 11 3 5 0
565 28 3 3 1
565 14 3 3 0
565 28 1 3 0
566 54 2 5 0
566 18 5 4 1
568 4 1 2 0
570 52 4 5 1
571 47 5 4 1
572 11 5 3 0
576 29 1 1 0
578 36 4 2 0
582 22 4 5 0
584 23 4 2 0
585 56 4 4 1
591 28 2 4 0
595 55 2 2 1
597 1 2 5 1
599 12 5 4 0
600 43 3 2 1
601 50 2 5 0
601 45 1 3 0
604 24 3 3 0
606 49 5 1 0
609 29 4 2 1
609 12 4 2 1
611 7 5 2 1
612 26 1 3 0
612 37 1 3 1
612 14 4 4 1
621 13 3 4 1
622 55 4 4 0
624 47 2 4 1
626 53 4 4 1
627 20 4 5 0
628 35 2 2 0
628 8 4 3 1
630 37 2 1 0
630 50 5 3 0
632 25 2 2 0
632 39 2 1 0
632 21 5 3 1
633 41 1 2 1
633 6 2 4 0
634 15 3 1 1
635 14 1 1 0
639 34 1 1 1
641 11 1 1 0
642 12 4 5 1
642 40 2 5 1
644 47 2 2 0
646 12 4 3 1
648 53 4 1 0
649 49 1 2 0
649 8 2 3 0
652 6 5 1 1
656 30 1 5 0
658 29 3 2 1
658 33 2 4 0
658 55 2 1 0
658 55 2 4 0
659 52 4 2 1
666 48 4 1 1
668 49 3 5 0
671 56 2 5 1
671 19 2 3 1
672 53 1 3 1
673 54 4 4 1
674 15 3 2 1
675 3 2 2 0
683 36 3 4 0
687 21 1 2 1
691 5 5 2 0
693 44 1 3 1
694 34 4 5 1
698 26 5 4 0
698 39 2 5 1
701 21 4 3 0
705 43 4 5 0
705 38 5 1 0
705 47 1 4 1
706 16 5 1 1
707 51 2 5 1
715 27 5 2 1
716 5 1 1 1
719 41 3 1 1
719 11 3 3 1
720 2 4 3 0
720 57 4 5 0
720 49 4 1 1
722 55 5 4 0
727 21 5 4 1
728 27 3 5 1
729 33 3 1 1
731 41 1 3 0
731 28 4 4 1
734 24 1 4 0
734 42 3 4 0
736 54 5 3 0
741 14 5 3 0
742 38 2 1 0
745 42 3 5 0
746 16 5 1 1
747 34 5 4 0
748 23 5 5 1
749 2 5 5 1
759 10 5 3 0
759 2 1 2 0
760 43 1 3 1
766 47 4 1 1
769 31 1 2 1
771 50 4 5 0
772 21 1 5 0
774 42 4 3 1
776 41 2 1 1
778 25 3 3 1
778 39 5 1 1
780 26 5 3 0
780 11 2 5 1
781 17 1 3 0
783 9 3 5 1
797 3 1 4 1
797 53 5 3 1
798 37 4 4 1
801 41 4 2 0
806 15 1 2 1
808 22 4 3 1
808 35 4 4 0
808 28 2 2 0
809 53 5 5 0
811 9 1 4 1
812 3 1 1 0
813 51 5 5 0
816 18 3 1 1
817 15 5 1 1
819 33 4 5 0
822 18 1 4 0
822 38 4 4 1
823 8 3 5 1
825 50 5 3 1
825 22 2 2 1
826 13 5 3 0
828 38 1 3 1
830 5 5 5 1
830 16 5 2 0
834 14 3 5 0
834 9 2 3 1
838 27 4 2 1
838 32 1 4 1
840 15 3 3 0
841 20 1 4 1
842 46 5 1 0
843 39 5 3 1
843 21 3 4 1
844 29 5 4 1
844 44 2 5 0
846 42 4 2 0
848 33 3 5 1
849 27 2 3 0
855 10 3 4 1
857 36 4 2 0
859 28 3 4 1
861 10 4 1 0
861 11 5 5 1
864 40 5 5 0
864 29 5 3 0
865 2 5 1 1
867 14 2 3 0
870 42 2 4 0
871 19 4 3 1
872 48 1 4 0
873 11 3 1 1
874 32 1 2 1
881 2 3 3 1
884 50 1 1 0
884 38 3 3 1
889 26 5 2 0
889 21 4 2 0
891 18 4 5 0
893 45 4 3 0
894 4 5 3 1
899 13 5 1 0
902 48 5 4 1
903 45 4 2 0
904 20 5 2 0
905 38 5 2 0
911 19 1 3 0
911 24 1 5 0
912 2 2 2 0
913 52 1 2 0
913 36 1 1 0
915 6 4 5 0
915 48 1 1 1
917 7 4 5 0
918 55 1 1 1
921 37 1 2 0
924 22 1 5 1
930 20 4 2 1
935 13 2 2 1
935 34 2 1 1
936 52 4 1 0
938 40 5 4 1
938 3 3 5 1
939 18 5 5 1
940 47 4 3 1
940 34 5 5 0
942 39 5 2 0
943 16 4 1 0
945 49 1 3 0
947 7 5 2 0
950 36 4 4 0
953 28 3 5 1
960 11 2 1 1
960 9 3 2 0
962 46 4 2 1
963 23 3 1 1
963 44 3 2 1
965 12 2 4 0
969 23 4 3 1
970 2 4 3 1
971 5 1 1 1
972 10 3 3 1
972 17 2 1 1
975 24 2 2 1
975 24 2 5 1
975 24 5 2 1
976 10 1 3 0
977 10 4 2 1
978 27 3 4 0
980 16 2 2 0
982 38 3 3 1
991 44 5 4 0
995 41 4 5 0
998 47 2 5 0
999 41 5 3 1
87 638
1 12 5 3 0
3 42 2 4 1
4 83 4 4 1
5 83 2 2 1
7 71 3 5 1
8 5 3 5 1
10 63 4 5 1
13 13 2 3 1
14 59 1 5 1
17 38 1 1 1
19 58 5 2 1
21 18 2 1 1
21 2 3 1 0
22 63 4 5 1
22 51 1 3 0
23 14 5 1 0
23 84 1 4 1
23 41 2 2 0
24 70 5 1 1
25 45 1 1 0
26 55 1 3 0
28 75 2 1 1
29 85 4 5 1
30 70 4 2 1
33 70 2 4 0
34 42 1 3 1
36 43 5 3 1
36 23 5 5 0
38 8 3 4 1
39 86 4 4 1
42 20 4 2 0
46 76 2 3 1
46 1 2 5 0
47 13 2 2 1
48 27 1 5 1
49 26 5 4 0
49 54 5 1 1
50 19 3 2 1
51 87 3 1 1
53 55 5 1 0
57 33 5 5 1
58 8 4 1 0
59 15 2 2 1
65 73 5 2 1
66 9 5 3 0
66 38 4 3 0
66 71 4 1 1
67 76 5 3 1
68 87 1 2 1
71 19 3 4 1
72 38 3 2 0
77 54 5 3 0
79 5 5 1 0
80 56 1 4 0
80 46 4 1 0
81 56 3 1 1
85 38 1 2 0
86 8 5 5 0
87 71 3 3 0
88 51 2 1 0
88 25 4 4 0
89 27 4 3 1
91 34 5 5 1
93 31 2 2 1
93 4 1 1 0
94 12 4 3 0
98 76 5 1 1
101 22 4 5 0
101 36 5 3 1
107 29 1 4 1
108 20 4 4 1
109 19 2 3 1
110 80 4 1 1
111 59 3 3 1
114 39 2 1 1
115 86 2 3 1
116 21 5 3 1
116 24 5 4 0
117 42 2 5 0
121 79 2 1 0
122 9 5 4 0
122 55 4 2 1
126 8 3 4 0
127 72 2 2 1
127 6 2 5 0
129 73 5 2 0
131 29 4 4 0
132 86 1 4 1
132 23 1 5 1
133 38 2 3 1
135 56 5 3 0
138 29 3 2 1
139 83 3 1 0
141 61 2 2 0
142 2 2 1 1
143 68 4 1 1
143 58 3 1 0
144 52 2 2 1
147 17 5 3 1
147 43 5 3 1
149 64 2 3 1
149 30 2 4 1
153 30 5 4 0
154 85 4 1 1
156 29 1 2 0
160 25 5 4 1
160 54 3 3 0
161 33 2 1 0
163 5 3 3 1
164 28 5 2 1
164 59 3 2 0
165 14 2 5 1
166 85 4 2 1
167 34 3 3 1
169 33 3 5 1
171 39 4 4 0
172 82 3 2 0
174 50 5 3 1
175 31 2 1 1
175 78 1 5 0
176 79 3 1 0
178 79 1 2 0
185 43 3 4 1
185 8 5 5 1
186 13 3 3 1
186 57 3 1 1
186 39 4 2 1
190 52 4 3 1
190 7 4 3 0
193 26 2 2 0
194 66 4 1 1
195 1 2 1 0
195 58 3 5 1
197 35 4 1 0
199 45 2 5 0
203 59 1 1 0
215 33 5 5 0
215 21 1 2 1
216 72 3 5 1
216 66 3 2 0
218 10 2 4 0
218 60 2 5 0
219 66 2 5 1
220 77 5 5 0
221 20 5 3 1
222 3 4 1 1
223 36 5 1 1
227 50 4 3 0
227 86 2 1 0
228 10 1 2 1
229 49 4 3 0
243 20 3 1 0
243 65 2 4 0
244 28 1 1 1
248 42 2 4 1
249 21 5 4 1
249 14 3 4 1
252 12 5 5 0
252 39 5 2 1
256 47 5 2 1
257 40 2 2 1
257 9 4 4 0
259 42 2 1 0
259 7 4 3 1
260 78 4 2 0
260 87 2 3 0
261 85 5 5 0
266 59 1 2 0
266 27 1 4 1
266 14 5 3 1
268 81 2 1 0
269 45 1 3 0
269 7 3 1 0
271 13 2 4 0
271 64 1 3 1
275 10 5 5 0
276 71 2 5 0
276 3 2 1 0
277 76 3 2 0
277 84 5 2 1
279 18 5 3 0
282 45 1 3 0
282 12 2 1 1
282 10 3 2 0
294 56 4 5 1
296 14 4 3 0
296 15 5 1 1
298 29 4 2 1
298 66 2 5 1
301 46 5 2 1
301 30 2 3 0
302 24 3 3 1
305 72 2 1 0
307 83 3 4 1
308 52 3 1 0
310 87 2 4 1
310 57 5 4 1
312 83 1 5 0
312 25 4 4 0
314 86 1 5 0
315 26 4 2 1
319 8 3 1 0
319 74 2 2 0
322 56 4 4 0
323 85 3 1 1
324 47 4 5 0
328 41 3 1 0
329 82 5 2 1
330 83 3 2 0
330 11 1 5 1
330 7 2 3 0
330 29 3 2 0
332 69 1 3 0
333 69 4 5 1
333 75 3 1 0
334 44 3 4 0
336 62 1 3 0
336 64 5 2 0
338 9 5 2 1
338 11 3 4 1
338 34 3 4 1
340 41 5 3 1
344 29 5 1 1
344 86 2 1 0
346 85 2 2 1
346 64 5 2 1
348 72 4 2 0
348 28 1 3 0
350 66 1 1 0
351 53 2 3 0
352 75 2 1 0
355 24 1 4 0
358 3 4 2 0
358 67 2 1 0
359 62 4 2 1
360 13 3 5 1
363 61 1 4 0
364 21 5 2 0
366 87 4 3 1
366 62 3 2 1
369 13 3 1 0
369 50 1 5 1
373 6 2 2 1
373 29 4 1 0
375 84 3 5 1
380 37 5 4 1
381 20 1 1 1
384 84 4 4 0
387 5 2 5 1
387 56 2 1 1
388 77 5 2 0
390 69 4 1 0
391 42 3 2 0
393 82 4 3 1
394 31 2 1 0
394 31 5 1 1
397 84 2 4 1
402 43 1 4 1
402 26 5 2 1
403 75 1 1 1
403 62 4 5 1
403 86 3 3 0
404 66 3 2 1
405 31 1 5 0
405 45 4 3 1
406 43 3 5 1
406 69 1 2 0
407 7 1 3 1
409 85 4 4 1
413 66 4 2 1
416 5 2 3 0
417 14 5 3 0
417 36 3 2 1
419 77 1 1 1
419 78 4 4 1
420 20 3 2 0
422 58 1 1 0
422 2 1 1 0
424 21 5 4 0
427 51 2 1 1
429 55 5 4 1
430 70 4 5 0
430 80 4 4 1
431 41 3 3 1
433 23 2 5 1
437 15 2 5 0
441 6 4 4 0
443 22 2 2 1
445 77 5 1 0
447 45 5 3 1
447 20 3 3 0
450 79 3 4 0
452 82 5 5 1
453 16 3 4 1
456 22 1 4 0
456 5 1 2 1
463 57 5 1 0
463 17 1 3 1
466 73 3 3 0
472 25 1 3 1
473 73 2 3 0
473 34 2 3 0
474 13 2 3 0
475 1 3 4 1
475 56 4 4 1
476 60 4 1 0
477 46 5 2 0
478 85 1 5 1
480 40 5 2 0
480 6 5 1 1
482 55 4 4 0
490 56 1 4 0
496 49 3 3 1
499 25 5 1 0
499 45 5 1 0
501 34 4 4 0
502 40 1 1 1
505 30 2 4 1
506 71 1 1 0
507 35 4 4 1
508 46 2 4 1
509 7 4 1 0
509 77 2 4 1
510 9 3 3 1
513 26 2 5 1
518 62 1 4 1
518 24 2 2 1
519 3 3 1 1
519 87 5 5 0
526 6 3 5 1
526 75 1 1 1
529 30 3 3 0
530 31 4 3 1
532 22 2 4 0
533 9 5 4 1
533 9 3 4 1
534 61 4 3 0
536 17 3 4 0
536 68 5 4 0
536 80 4 2 0
538 48 4 1 1
541 2 5 1 0
544 4 1 3 1
544 26 3 5 0
547 28 2 3 1
547 51 3 1 1
550 35 4 3 0
552 14 3 5 0
554 15 5 5 0
554 68 5 4 0
556 60 2 1 1
557 60 3 4 1
557 13 1 2 1
557 74 1 2 1
561 87 5 4 0
561 22 3 3 1
561 25 1 2 0
566 56 4 4 0
566 62 5 2 1
567 76 4 4 1
570 64 5 4 1
570 74 2 3 1
574 5 5 5 1
574 74 1 1 1
575 76 5 2 1
577 77 2 5 0
578 57 3 3 1
579 67 4 1 0
581 53 4 1 1
581 24 4 4 1
586 6 4 5 1
589 14 2 3 0
589 50 5 5 0
590 21 1 3 0
590 83 5 1 0
592 11 3 5 1
593 34 4 3 0
595 85 3 1 0
596 35 1 3 0
599 9 3 1 0
599 18 3 1 1
599 38 3 1 1
601 58 4 2 0
603 86 2 2 0
603 83 3 1 0
607 2 1 4 0
610 68 4 4 1
612 75 5 4 0
612 1 5 5 0
614 50 2 1 0
614 11 3 4 0
615 85 1 1 1
616 65 4 4 1
620 32 1 4 0
621 42 4 5 1
621 58 1 4 0
625 33 2 5 0
625 69 1 5 0
626 29 1 4 1
629 24 2 1 0
631 67 2 3 1
634 82 3 3 0
641 26 1 4 0
642 8 3 5 1
642 15 2 2 0
643 21 5 3 0
645 85 4 3 0
647 78 4 1 0
647 87 1 2 1
651 13 3 5 1
652 85 5 5 1
657 44 3 3 0
658 71 5 5 0
661 29 5 1 1
665 44 4 3 1
666 35 3 1 0
666 76 3 1 0
667 50 5 1 1
667 48 5 2 1
669 53 3 4 0
670 79 3 4 0
671 39 4 4 0
675 87 1 1 1
676 85 2 3 1
681 31 2 3 1
682 22 5 5 0
683 47 1 3 1
683 5 5 4 0
684 31 1 2 1
686 39 4 3 0
690 2 3 1 1
691 29 3 2 1
691 65 1 3 1
691 26 3 5 1
692 6 1 1 1
693 47 2 5 0
697 11 3 2 1
699 40 2 4 0
700 30 5 4 0
706 4 1 3 1
707 31 2 3 1
710 1 2 5 1
711 8 1 4 1
711 67 2 5 1
712 79 3 4 1
713 12 5 3 0
713 27 4 4 0
714 61 3 1 1
716 75 3 2 0
720 16 2 5 1
720 32 5 1 0
721 64 5 2 1
722 18 4 2 1
722 80 5 3 1
723 31 2 5 1
723 53 4 2 1
724 78 1 4 0
724 42 4 5 1
725 79 4 2 0
728 82 1 5 0
731 74 1 4 1
734 49 2 2 0
734 37 4 4 0
736 47 5 4 1
736 80 1 4 1
737 46 3 4 0
737 4 5 3 0
740 53 1 1 1
740 36 2 4 1
740 61 5 5 0
741 28 3 1 1
741 50 1 1 1
742 45 2 2 0
743 55 4 1 1
744 45 2 3 0
745 37 3 4 0
747 35 2 2 0
747 27 1 3 1
751 32 3 1 0
752 39 4 5 1
753 58 4 5 1
756 81 4 5 0
758 37 3 5 1
759 76 3 2 1
760 63 5 4 1
761 80 2 2 0
761 37 1 5 0
763 59 1 1 0
765 69 1 1 1
765 36 4 3 0
766 30 3 5 0
767 39 4 2 1
767 10 1 4 0
769 4 5 3 0
769 31 2 1 0
770 1 3 1 1
773 30 1 4 0
773 47 2 4 0
775 32 5 5 0
777 8 4 5 0
780 3 3 4 0
782 39 4 2 1
782 14 3 3 1
783 55 3 1 1
785 6 4 4 0
785 72 1 3 0
786 67 2 2 0
786 65 4 2 1
787 59 2 5 0
789 39 3 2 0
789 32 1 1 0
791 28 4 1 1
792 68 2 4 0
795 70 3 5 1
795 78 5 5 1
797 69 2 5 0
800 9 5 4 1
802 5 4 1 0
803 14 3 2 0
803 46 4 3 0
804 20 1 2 1
807 27 1 5 1
813 36 5 1 1
814 81 4 5 0
816 57 3 3 1
818 25 2 2 0
818 17 4 2 1
819 49 3 3 0
820 59 3 1 0
822 14 2 4 0
827 49 3 1 0
827 71 1 4 1
828 51 5 1 1
830 74 1 5 1
830 6 4 3 1
830 46 2 5 0
833 43 3 3 1
837 77 1 5 0
838 47 2 3 0
840 36 4 3 1
841 36 1 4 1
841 11 2 1 0
841 8 5 5 1
842 46 3 4 0
843 39 3 1 0
848 84 5 1 1
848 86 2 3 1
850 25 3 3 1
852 50 2 3 1
853 51 4 2 0
854 2 2 4 0
855 80 1 4 1
857 83 3 1 0
858 23 3 4 0
859 23 5 3 1
860 3 4 3 1
865 32 5 3 0
867 73 2 1 1
868 22 4 2 1
872 71 4 4 0
874 32 1 5 0
874 35 5 5 1
876 42 5 5 0
876 32 2 4 0
876 21 3 1 0
878 14 4 2 1
879 48 5 1 1
879 77 3 1 0
879 52 2 3 1
880 44 5 3 0
882 87 3 3 0
882 25 3 5 1
886 39 2 5 0
888 28 2 2 1
890 20 3 3 1
892 79 2 2 1
893 3 1 5 0
894 19 4 1 0
894 75 3 4 0
894 3 3 4 0
901 80 4 2 1
902 67 1 4 0
903 2 4 1 1
904 59 5 2 0
906 29 5 4 0
910 73 2 5 1
913 74 5 4 0
913 21 2 5 0
915 14 2 2 1
916 87 3 2 1
917 85 5 2 0
917 72 2 3 0
917 60 4 2 0
920 82 5 3 1
922 57 5 1 1
925 42 1 3 0
930 52 5 1 0
932 40 1 2 1
934 80 1 1 0
936 39 4 3 1
939 15 5 3 1
939 87 5 5 0
940 52 5 4 1
940 22 5 1 0
952 56 3 1 1
954 87 3 3 0
954 44 5 2 1
955 79 3 2 0
956 6 5 1 0
958 7 4 5 1
959 56 4 5 1
962 7 4 3 0
964 61 2 3 1
965 70 2 3 1
965 26 2 2 0
966 6 1 1 1
968 36 1 3 0
972 39 5 2 0
973 33 4 1 1
973 5 1 1 1
974 42 1 2 0
975 38 1 2 1
975 85 2 5 0
975 53 1 3 1
978 30 3 5 0
980 34 5 3 1
982 2 4 4 1
983 21 3 3 1
984 17 1 4 1
986 85 2 2 1
986 68 1 5 0
987 3 1 2 0
987 66 2 4 0
991 17 1 3 0
993 3 2 3 0
994 25 1 2 0
996 51 4 5 0
1000 22 3 4 0
64 611
2 23 5 5 0
7 35 5 3 1
7 20 4 4 1
8 37 5 4 0
11 17 5 4 1
12 39 4 4 0
12 19 2 3 0
12 59 4 3 0
13 14 4 3 0
13 17 2 5 0
16 53 2 3 1
17 5 5 4 0
18 45 2 5 1
18 7 2 3 0
18 58 1 1 0
25 28 2 2 0
25 17 5 1 1
29 49 4 4 1
30 30 2 1 1
30 55 2 3 1
31 40 2 2 0
31 20 3 4 0
32 42 1 4 1
32 16 4 4 0
33 46 1 5 1
33 25 2 1 1
33 17 4 4 0
35 51 1 5 1
37 61 5 5 0
38 7 2 1 1
39 16 4 5 0
41 53 3 5 1
41 10 4 5 0
43 36 5 5 1
43 34 5 2 1
46 30 2 3 1
47 2 4 5 1
49 6 2 4 1
52 62 1 5 1
54 53 5 4 0
55 41 4 5 1
55 52 4 2 1
58 17 5 3 0
58 44 5 1 1
59 23 4 4 0
61 14 1 5 0
62 62 2 1 0
69 38 5 3 1
70 59 1 3 0
73 55 1 2 1
74 46 4 1 1
77 39 5 5 1
78 38 3 5 1
78 11 3 2 1
79 18 5 2 1
83 39 3 5 1
85 21 3 1 0
87 45 1 1 1
88 49 3 1 0
89 43 3 5 1
90 19 2 2 0
94 14 1 2 1
94 5 3 1 1
95 14 4 3 1
96 58 4 3 0
98 4 3 2 0
98 24 1 3 1
101 9 2 2 0
102 27 2 4 1
104 43 1 4 1
105 57 5 3 1
106 9 4 5 1
107 19 4 4 0
108 37 5 5 1
108 18 5 3 1
108 56 2 4 1
109 11 4 1 1
109 22 5 4 0
110 57 3 4 0
114 25 5 3 0
115 36 1 1 1
116 14 4 3 1
117 45 1 1 0
125 15 5 2 1
125 7 5 1 1
126 53 3 1 1
127 9 2 3 0
133 28 4 3 1
134 54 2 1 0
136 33 4 5 1
137 13 2 3 0
137 14 1 5 1
138 56 4 3 1
144 32 1 5 1
144 32 2 5 1
145 20 1 1 0
146 56 2 4 1
147 60 1 2 0
147 58 3 3 0
150 56 5 3 1
153 26 2 5 1
156 25 2 2 1
161 36 5 5 0
161 30 1 5 0
165 5 3 5 0
165 28 2 1 1
166 19 4 5 1
167 31 1 3 0
171 63 2 1 1
172 52 5 3 0
174 9 1 5 1
174 18 5 4 1
174 21 4 1 0
178 27 4 4 1
178 60 5 3 1
179 7 4 2 1
180 43 1 5 1
184 34 4 1 0
185 40 3 3 1
185 5 3 2 1
187 33 2 5 0
188 27 3 5 1
192 49 1 3 0
194 26 2 1 1
196 18 1 1 1
196 25 5 4 1
197 42 3 2 0
200 34 2 3 0
200 30 2 2 1
202 12 4 3 1
203 22 2 2 1
204 54 3 1 1
205 42 3 5 1
208 16 4 2 1
214 5 3 5 1
215 53 4 4 1
216 36 5 3 1
217 6 3 3 0
219 56 3 2 1
220 36 4 5 0
220 17 4 3 1
221 12 4 4 1
224 49 1 3 1
229 31 3 1 0
230 46 1 4 0
231 2 2 2 1
233 59 2 4 1
234 54 1 4 0
236 48 4 3 1
239 17 3 5 0
247 43 1 3 1
247 6 2 1 1
248 31 1 3 0
248 25 3 1 1
249 63 4 5 1
251 44 3 3 0
252 46 1 3 1
253 54 5 3 1
262 3 2 5 0
264 44 1 4 0
264 8 5 5 0
267 12 1 4 1
268 41 3 1 1
269 30 5 3 0
270 32 5 5 1
271 56 3 5 1
272 52 1 2 1
273 18 3 3 0
273 18 5 4 0
275 50 5 1 0
278 37 5 3 1
279 47 4 2 1
279 26 1 5 1
280 12 1 2 0
281 44 4 2 0
287 51 5 5 0
287 29 1 2 1
288 22 2 1 1
291 42 2 2 1
293 32 1 4 0
295 63 3 3 0
296 61 3 2 0
300 7 1 2 1
303 63 4 3 0
304 26 5 2 1
305 30 1 1 0
307 30 5 1 0
307 37 3 3 1
309 39 1 4 1
309 2 5 1 1
310 22 4 1 1
313 8 4 3 0
316 34 3 3 0
320 45 4 3 0
323 4 2 5 1
328 12 5 4 0
330 44 2 3 0
330 30 1 2 0
332 59 1 2 0
333 5 3 4 1
333 29 2 5 1
334 17 3 4 1
334 49 4 2 1
335 33 2 5 1
336 37 1 2 1
337 10 1 3 1
338 22 4 2 0
338 10 3 3 0
339 9 1 2 1
340 25 2 3 0
341 62 1 5 1
341 30 1 1 1
341 42 1 1 1
342 20 4 3 1
343 3 2 4 1
344 52 5 5 0
345 24 5 5 0
346 17 5 5 1
350 6 5 1 1
353 49 3 4 0
354 42 5 4 0
355 57 1 3 0
356 18 5 4 1
358 7 4 1 0
359 39 3 2 1
362 21 4 3 0
362 4 1 1 1
365 49 1 3 0
367 35 4 5 1
369 14 4 1 0
373 58 2 3 0
375 33 1 2 1
375 40 1 1 0
377 42 4 1 0
377 39 3 2 0
379 52 2 2 0
381 32 1 4 0
383 7 5 1 1
384 31 1 1 1
385 43 2 1 0
387 5 4 1 0
387 39 1 4 0
387 28 1 1 0
390 50 1 3 1
395 34 2 2 1
395 24 4 2 1
396 40 4 1 1
398 10 1 3 1
401 15 4 2 1
402 4 4 2 0
407 26 1 1 0
407 51 2 5 1
409 3 5 4 1
411 13 5 5 0
416 56 4 3 0
420 28 3 4 0
421 56 1 1 1
421 64 5 1 1
421 22 4 4 0
422 25 3 5 1
422 13 4 2 0
423 48 3 5 0
423 52 4 1 0
424 60 3 3 1
427 42 5 4 1
428 59 2 1 0
431 27 2 2 0
433 61 5 3 1
436 16 4 3 0
439 63 1 5 0
440 52 5 2 1
441 43 2 5 1
441 3 1 5 1
443 26 2 3 1
443 27 2 3 1
444 13 5 2 1
450 31 2 4 0
451 19 1 5 0
451 36 3 3 1
452 13 2 1 1
452 59 2 5 0
453 37 3 1 1
454 42 4 1 0
455 43 1 3 0
465 43 4 4 0
467 35 2 5 0
468 8 4 4 0
469 48 3 4 1
469 20 3 2 0
469 45 4 1 0
471 31 3 4 0
472 34 2 1 0
473 37 3 4 1
475 16 4 3 1
479 48 4 5 1
480 34 1 3 0
480 63 5 4 0
481 60 5 3 1
490 46 3 5 1
491 44 2 4 1
491 13 3 5 0
492 53 4 3 1
493 56 3 5 0
493 30 3 2 1
496 32 4 3 0
499 60 3 2 0
501 28 2 3 0
501 16 4 1 1
502 48 5 5 0
502 56 3 2 1
504 4 2 4 1
506 55 4 1 1
506 10 1 1 0
508 8 5 5 1
508 10 2 1 0
508 64 5 4 1
511 19 5 3 0
513 61 2 3 0
514 33 1 2 1
516 57 5 2 0
517 53 3 4 1
520 37 3 3 0
523 8 3 3 1
523 30 5 1 0
526 28 2 3 1
526 36 3 1 0
530 13 5 4 1
531 6 3 1 0
533 57 4 5 0
534 33 1 3 1
535 23 3 4 1
537 8 4 2 0
538 46 3 4 0
540 35 5 4 1
540 22 4 4 1
541 13 4 1 1
545 57 4 3 1
545 38 5 5 0
547 32 3 1 0
549 38 4 5 1
549 29 4 2 0
550 19 1 3 1
551 55 2 1 0
553 11 5 4 1
564 50 4 5 0
564 3 4 3 0
568 27 4 1 1
569 34 5 4 1
570 25 2 3 0
570 46 4 4 0
570 24 5 3 1
571 47 4 3 1
571 29 5 5 0
572 33 1 2 0
573 35 1 2 0
574 51 4 2 1
575 5 2 3 1
576 32 3 3 1
579 8 3 1 1
582 16 5 4 1
582 64 3 4 0
584 38 3 3 1
585 17 5 2 1
587 21 1 4 1
591 9 1 4 0
594 27 1 1 1
595 17 1 2 0
596 60 1 1 0
596 27 2 4 0
597 26 1 1 0
597 19 4 3 1
601 28 5 5 1
602 13 4 1 0
604 47 2 3 0
605 34 1 1 0
606 26 4 4 1
607 2 1 4 0
608 54 3 1 1
609 2 2 3 0
610 9 5 3 1
611 26 4 5 1
611 19 4 5 1
614 12 2 3 0
615 7 4 5 1
618 37 5 2 1
619 44 4 1 1
625 48 4 4 0
626 20 2 5 0
628 41 2 2 1
628 48 2 4 1
628 43 3 1 0
628 50 2 2 1
629 44 3 3 1
631 56 4 5 0
631 58 3 5 1
632 9 2 4 1
633 55 5 1 1
635 22 4 1 0
639 44 2 2 0
640 52 3 4 0
645 2 3 4 0
651 61 1 1 1
651 30 1 2 0
652 62 2 5 1
655 40 3 5 1
655 24 4 1 0
656 56 1 5 0
657 31 2 3 1
661 55 3 4 1
664 48 5 4 0
667 30 1 5 0
669 17 3 2 0
669 52 5 1 0
672 55 1 4 1
675 40 2 5 0
678 17 3 4 0
679 55 5 4 1
681 49 5 2 0
682 45 4 3 0
685 52 2 3 0
686 13 4 4 1
687 43 3 3 0
693 49 2 5 0
696 39 3 1 1
697 29 3 2 1
697 14 1 4 0
698 23 1 2 1
700 63 1 4 1
700 43 1 2 1
701 59 2 3 0
701 7 4 3 1
703 27 3 1 0
706 1 2 4 1
710 5 2 4 1
710 8 2 5 0
711 60 1 3 1
712 15 5 3 0
712 34 3 5 0
713 57 2 3 0
713 56 3 1 1
713 38 2 1 0
715 56 2 1 1
715 37 4 2 1
719 56 5 4 0
721 11 5 3 1
723 48 3 5 0
728 13 3 5 1
729 28 3 3 0
731 54 3 4 0
733 23 1 3 1
735 29 2 3 0
738 16 4 2 0
738 42 4 5 1
740 16 3 3 0
741 52 4 2 0
743 20 1 3 1
743 55 4 5 0
746 34 1 4 0
747 14 1 5 0
751 45 5 1 0
752 52 4 2 1
753 24 2 4 0
753 45 5 3 1
756 60 2 5 0
758 63 2 5 1
761 63 3 4 1
764 40 3 4 1
764 25 4 4 0
767 62 1 4 1
773 47 1 2 0
773 14 2 1 1
776 30 3 5 0
777 41 5 5 0
777 1 5 1 0
781 46 5 1 1
781 22 4 2 0
783 30 2 1 0
786 4 4 4 0
786 31 3 4 0
787 20 3 3 0
789 17 5 1 0
791 44 1 4 1
794 14 4 1 0
794 29 5 1 0
795 54 3 5 0
796 16 2 5 0
797 8 3 4 1
797 63 5 3 1
799 64 1 4 0
808 37 2 4 0
808 14 1 2 0
812 41 1 5 1
813 36 4 1 0
814 61 2 4 1
814 7 4 5 1
815 35 3 2 0
817 13 2 3 0
818 34 3 5 0
818 41 2 4 1
818 8 2 4 0
818 23 3 5 1
818 55 2 2 0
819 44 5 5 0
819 5 2 3 0
820 14 5 1 1
824 40 2 5 1
825 55 1 4 1
828 42 3 4 1
829 43 3 1 0
829 28 1 3 0
831 9 2 3 0
831 16 5 4 1
833 11 2 4 1
834 21 1 4 1
834 31 1 4 0
835 62 1 5 0
841 25 5 3 1
842 6 2 4 0
849 3 5 3 0
849 44 5 4 1
850 7 2 1 0
852 52 3 4 0
856 53 5 4 1
856 27 2 4 0
857 3 4 5 0
859 16 3 3 0
859 63 1 2 1
859 55 4 1 1
861 55 1 1 0
861 45 4 5 0
861 52 3 1 0
861 19 3 2 1
861 47 3 4 0
863 24 5 5 0
866 5 2 5 1
867 63 2 5 1
868 36 4 1 0
870 20 1 4 1
871 16 5 1 0
871 28 3 1 0
871 8 5 4 0
874 43 5 3 0
875 51 4 5 0
877 9 2 3 1
880 27 4 3 0
880 52 1 5 0
883 12 1 1 1
886 64 5 4 1
889 9 4 3 0
890 7 5 5 1
890 20 1 2 1
891 57 3 5 1
891 53 4 4 1
891 27 4 3 1
893 13 3 4 1
894 46 5 3 0
895 43 4 5 0
897 15 5 2 1
897 59 4 5 1
897 49 3 3 1
900 23 4 4 0
900 14 1 2 0
901 16 5 2 1
904 9 5 1 0
904 26 4 2 0
905 42 1 1 1
907 49 2 4 0
911 55 5 1 0
916 35 4 4 1
916 10 2 5 1
917 61 3 3 1
918 55 3 1 0
920 19 3 4 0
922 31 1 4 0
925 22 3 2 1
926 43 4 2 1
929 2 1 2 0
930 37 3 2 0
931 49 1 5 0
934 11 1 4 0
937 12 5 2 0
939 27 3 2 1
944 64 4 2 0
945 29 4 3 1
951 40 2 4 0
951 64 1 1 0
952 27 5 3 1
953 5 1 1 1
955 53 1 2 0
958 38 2 3 0
958 53 4 2 1
960 6 2 3 1
960 14 5 1 0
963 51 5 3 0
966 43 4 1 1
967 61 2 5 0
969 28 2 5 0
971 37 3 5 1
974 60 1 5 0
975 3 4 5 0
975 36 2 5 1
978 38 2 1 1
982 51 2 3 0
983 17 3 4 1
985 52 5 4 1
987 24 1 4 1
989 12 2 3 0
990 2 4 4 1
992 44 2 4 1
993 24 3 3 1
994 43 5 2 1
92 732
1 39 4 3 0
1 29 4 3 1
3 91 1 5 1
4 60 1 4 1
4 14 2 5 0
6 45 5 1 0
9 69 2 3 0
11 32 4 1 1
13 25 2 2 1
14 78 2 3 0
16 72 4 3 0
16 29 2 3 0
21 81 1 1 0
22 44 1 4 0
23 20 2 5 1
24 78 3 4 0
24 67 5 3 0
25 22 2 4 1
25 30 2 1 1
26 40 2 2 0
28 45 5 1 1
30 67 3 3 0
30 66 4 4 0
33 20 1 4 1
35 55 4 3 1
37 25 2 4 0
38 66 1 3 0
38 79 4 3 0
39 58 2 4 0
42 80 5 4 1
45 46 4 4 1
45 57 2 1 0
46 25 2 5 1
47 34 4 5 0
48 66 4 1 1
48 3 5 2 1
50 3 5 3 1
52 41 5 4 0
52 9 4 2 0
53 19 2 5 1
54 22 5 3 0
58 65 5 1 0
60 75 5 2 0
62 11 1 2 0
62 52 5 2 0
64 73 3 3 0
65 56 4 4 0
66 40 4 3 1
67 70 3 4 1
68 36 5 5 0
71 16 2 3 0
74 92 3 1 1
74 15 5 1 0
75 36 2 4 0
76 30 2 1 1
78 35 5 3 1
81 29 1 1 1
82 14 5 4 1
84 10 3 4 1
85 69 4 3 0
87 23 4 2 0
88 8 3 1 0
89 18 1 5 0
92 79 2 5 1
92 31 4 3 1
93 84 5 5 1
93 72 1 2 1
96 57 2 3 0
96 22 4 2 0
97 39 5 1 1
99 66 1 4 0
99 70 3 1 0
107 46 3 5 1
107 16 4 5 0
108 69 5 4 1
110 74 1 5 0
111 49 3 4 0
111 28 4 1 0
112 79 3 3 0
112 14 4 5 1
112 73 2 2 0
113 75 2 5 0
113 74 1 1 1
116 89 2 3 0
116 33 2 4 1
118 5 2 2 1
118 39 1 1 0
119 90 2 3 0
119 38 1 3 0
120 54 1 2 0
121 18 2 4 0
122 20 3 3 0
124 22 5 3 0
124 41 2 2 1
128 80 5 5 1
129 18 2 1 1
129 56 1 3 0
129 27 1 5 1
130 70 2 4 0
131 4 2 4 0
132 31 5 4 0
132 29 4 2 1
133 55 1 2 0
135 65 4 1 1
135 55 5 3 1
135 4 5 3 0
138 56 5 5 0
138 42 1 2 1
139 48 5 3 0
144 80 3 3 0
145 57 3 3 0
146 19 5 5 0
146 79 3 2 1
148 58 4 2 1
148 46 5 3 0
152 58 1 2 0
152 90 1 3 0
153 23 5 2 0
153 31 1 2 0
153 36 1 4 0
154 15 2 5 1
155 60 5 5 0
156 57 2 4 0
157 45 5 3 0
158 59 2 5 1
159 76 3 5 0
159 79 2 4 0
160 76 3 4 1
162 61 3 1 0
163 7 1 5 1
164 28 3 1 1
164 46 5 4 0
165 46 2 2 0
165 30 4 5 0
166 9 2 2 0
169 84 4 1 0
170 5 3 4 1
170 48 4 4 0
171 37 1 4 0
172 56 2 5 1
172 92 3 5 1
173 15 4 2 1
174 80 5 5 1
175 81 2 4 1
176 14 5 3 1
178 83 2 5 1
180 48 5 2 1
180 15 1 5 0
184 45 2 5 1
185 79 4 5 0
187 16 4 2 1
189 48 1 1 1
189 75 1 1 1
191 10 2 1 1
191 30 2 1 1
195 29 5 3 0
195 19 5 4 1
196 64 5 3 0
197 23 3 4 1
200 29 1 3 0
200 75 4 1 1
200 3 3 2 1
200 23 3 5 0
200 31 4 1 1
201 86 4 4 0
202 19 2 4 1
203 19 5 1 1
205 10 2 4 0
206 12 1 5 0
207 23 5 5 1
207 22 2 5 0
207 53 3 1 1
208 13 4 4 1
208 82 4 1 1
209 35 3 3 1
209 60 2 2 1
209 90 1 2 1
209 64 2 3 0
212 18 5 3 0
212 68 2 1 0
212 69 1 5 0
214 56 3 3 1
214 6 2 5 1
214 37 5 2 0
215 72 5 3 0
216 24 3 2 0
217 75 5 3 0
218 20 3 5 1
219 2 1 4 1
224 50 2 1 1
224 28 2 3 0
232 29 5 1 0
235 20 1 1 0
238 51 5 4 0
239 2 3 3 0
240 1 5 4 1
241 16 1 5 0
242 58 5 2 1
242 49 1 3 1
246 74 1 4 0
246 36 1 5 0
247 77 5 5 0
248 29 1 2 0
252 45 2 2 0
254 9 2 1 0
254 74 3 1 0
254 44 5 5 0
256 51 5 5 0
258 37 4 4 0
259 65 1 2 0
262 91 3 2 0
263 91 1 4 1
267 48 5 5 1
267 62 5 2 1
267 23 3 3 1
268 7 3 4 0
270 44 3 2 1
276 4 3 3 1
277 43 1 5 0
278 17 5 1 1
278 23 3 4 1
279 20 5 4 1
279 38 5 4 1
280 9 5 3 1
280 18 2 2 0
281 65 3 3 1
282 37 5 3 0
283 27 3 3 1
284 27 4 4 1
286 4 3 3 0
287 69 1 3 1
288 65 4 1 1
289 66 3 1 1
289 64 3 4 1
291 66 4 1 1
291 67 2 1 1
292 54 1 4 0
294 17 2 4 1
294 87 2 2 0
297 39 1 4 1
298 92 1 4 0
298 70 1 5 1
300 3 4 1 0
304 50 2 2 0
306 89 1 4 0
306 65 5 1 0
307 60 4 3 0
307 40 4 2 1
307 84 5 3 0
308 25 1 1 0
309 14 2 4 1
310 40 3 2 0
311 48 2 4 1
311 85 3 1 0
313 39 3 4 0
313 22 1 1 0
315 75 1 3 0
315 37 1 1 1
319 55 5 5 1
319 3 3 5 0
320 76 3 1 0
322 88 1 2 0
322 41 2 5 1
323 25 5 2 0
323 35 1 4 0
325 62 5 2 1
326 21 1 1 0
327 63 3 2 1
328 64 5 3 1
328 72 4 4 1
333 45 1 5 0
335 33 4 2 1
339 70 3 2 1
340 72 5 2 1
342 9 5 4 0
345 74 2 2 1
347 66 3 3 1
347 6 2 5 0
349 18 4 2 1
349 52 4 1 1
349 48 3 1 0
351 43 2 4 0
351 24 2 1 1
353 8 1 4 0
354 56 3 2 0
354 23 5 2 0
356 3 5 2 1
357 7 2 5 0
359 33 2 2 0
361 69 4 3 1
362 42 5 1 1
363 3 2 2 1
364 65 2 2 1
364 19 4 5 1
366 20 2 5 1
368 68 2 2 1
371 42 1 4 0
373 3 2 1 0
373 69 4 5 1
374 44 4 3 1
374 40 3 3 1
376 55 3 3 1
381 23 4 3 1
384 12 4 1 1
385 5 1 1 0
386 21 1 2 0
386 34 2 1 0
388 22 4 1 0
392 20 4 3 0
392 30 4 5 1
395 69 3 2 0
399 68 3 2 1
399 53 5 5 1
401 90 5 2 0
402 43 1 3 0
404 53 5 5 1
404 61 1 3 0
404 2 5 3 1
405 2 5 4 0
407 28 3 4 1
409 75 3 5 0
410 24 4 3 0
411 72 4 5 0
412 91 3 3 0
413 89 3 2 0
414 73 4 2 1
415 43 3 2 1
417 90 1 1 0
417 92 3 2 1
418 73 4 1 0
418 70 2 2 1
419 12 1 3 1
420 78 5 5 0
423 83 1 3 1
424 36 4 2 1
427 79 4 1 1
428 66 1 1 0
429 30 3 4 0
430 36 2 2 0
430 31 5 3 1
430 28 5 1 0
431 49 1 3 1
432 81 5 4 1
432 15 5 4 1
433 79 4 1 1
435 34 3 2 0
436 22 1 4 0
440 72 2 4 0
442 33 3 4 1
443 21 2 2 0
447 79 3 5 1
449 55 5 4 0
452 7 1 3 1
453 35 1 4 1
454 33 2 1 1
454 74 5 2 0
455 66 2 1 1
456 83 1 1 1
457 92 1 5 0
458 64 5 2 0
461 90 1 3 1
463 21 4 2 0
463 63 1 4 1
465 5 4 1 1
467 9 5 5 0
469 59 2 3 0
470 92 2 2 1
472 43 5 3 0
475 76 1 3 1
477 15 2 1 1
479 24 1 1 1
479 92 4 2 1
480 46 3 3 1
481 28 2 1 0
483 16 4 2 0
483 54 2 3 0
483 69 5 4 1
483 49 5 5 0
485 6 3 5 1
486 53 3 5 0
489 76 2 4 1
489 92 2 5 1
490 53 3 3 1
490 4 5 3 1
492 7 4 4 0
493 17 5 1 0
494 72 3 5 1
495 15 1 2 1
495 33 2 4 1
495 45 2 1 1
495 1 1 5 0
495 1 4 5 1
496 22 5 1 0
497 37 2 1 1
498 38 3 5 1
498 27 2 5 0
499 31 1 1 1
500 14 2 4 0
503 53 2 2 0
503 31 2 3 1
504 82 2 3 0
511 79 4 3 1
514 17 3 4 1
516 28 5 2 1
519 14 1 2 0
519 22 2 3 1
521 65 1 5 1
521 28 2 3 0
521 37 1 1 0
522 71 5 5 0
522 14 4 5 1
523 9 2 2 1
524 88 1 5 1
525 30 3 3 0
529 75 2 3 0
530 33 4 3 1
531 6 5 5 0
532 25 2 5 0
534 1 4 2 0
535 61 4 4 0
535 81 3 2 1
537 49 2 3 0
538 80 4 3 0
539 72 3 4 1
541 73 3 2 1
542 53 3 3 0
545 2 5 2 0
547 57 1 5 1
549 55 1 2 1
551 59 1 5 1
553 36 4 5 0
555 63 2 5 0
555 20 5 3 0
557 10 5 2 0
557 55 4 5 0
559 15 1 2 0
560 74 2 1 1
563 7 4 3 1
565 3 4 5 0
566 12 3 3 0
575 48 2 1 0
575 62 5 5 0
576 63 1 3 0
578 71 1 1 0
578 68 5 4 1
580 44 3 4 0
581 59 1 3 0
581 37 5 2 0
583 3 3 2 0
583 84 1 3 0
584 62 4 1 1
587 6 1 3 0
590 31 5 1 0
590 27 3 5 0
591 22 3 5 1
595 37 1 3 1
595 91 5 3 1
597 18 2 2 1
598 34 5 4 0
599 22 3 3 0
599 46 4 4 0
599 76 3 5 1
600 16 3 3 1
601 61 3 1 1
602 66 5 5 0
602 79 1 2 1
604 20 1 5 0
610 25 1 3 1
610 52 5 4 1
610 22 4 1 0
610 86 3 5 1
610 84 4 2 1
612 67 3 3 1
613 54 4 1 1
615 70 5 1 0
623 67 3 4 1
624 11 1 3 1
625 91 1 3 1
626 3 5 4 0
628 38 4 3 0
631 50 1 5 0
632 69 5 5 0
632 40 5 1 0
633 57 2 3 1
635 5 5 4 1
639 44 2 2 1
641 50 4 2 1
642 47 1 2 1
645 89 2 5 1
652 83 5 1 0
652 14 1 1 1
653 73 4 2 0
655 26 1 5 1
655 25 1 1 1
656 9 5 5 0
656 33 3 3 0
657 34 1 2 0
658 69 1 3 0
659 62 2 1 1
660 22 5 2 0
660 90 5 3 0
662 29 2 3 0
662 9 2 2 1
663 72 3 4 0
663 49 5 4 0
666 88 4 1 1
668 84 1 5 0
673 23 5 3 0
673 25 2 4 1
674 89 3 1 1
674 23 2 1 0
679 12 5 1 0
680 68 4 4 1
681 9 5 5 1
682 15 4 3 0
686 60 3 2 0
686 77 2 4 1
689 90 5 5 1
690 39 1 5 1
690 39 1 5 1
690 56 4 2 1
690 4 3 1 0
691 83 4 1 1
692 43 4 3 0
692 52 4 3 1
693 86 2 4 1
693 92 4 5 1
698 60 5 3 1
701 13 1 1 1
701 5 3 2 0
702 89 2 1 0
703 11 5 3 0
703 7 2 5 0
703 53 2 2 0
703 92 3 1 0
706 70 1 1 0
706 92 3 3 0
708 92 4 2 0
710 56 4 5 0
711 19 2 2 0
713 80 3 2 1
713 59 1 2 1
714 85 4 2 1
716 10 3 1 0
717 24 1 4 1
719 87 1 2 0
719 76 3 4 0
719 76 3 2 0
721 40 4 3 1
725 91 3 1 1
727 4 4 1 0
728 28 5 5 1
728 21 5 2 1
729 36 1 2 0
732 75 3 1 0
734 77 1 5 1
735 88 3 4 1
735 56 1 5 0
736 85 3 2 0
736 30 2 4 0
737 88 4 4 1
740 37 4 3 0
743 1 4 2 0
747 3 3 4 0
748 23 2 1 1
748 59 4 1 0
749 51 4 4 1
749 43 2 1 0
750 42 5 3 0
751 44 3 3 1
751 10 3 1 0
753 69 5 3 0
753 10 5 5 1
753 55 3 1 0
755 61 4 1 0
755 43 3 2 0
757 76 1 5 1
757 13 1 2 0
762 87 1 5 1
762 25 1 3 1
763 8 1 1 1
763 27 4 1 1
763 54 1 1 1
766 77 2 1 1
768 13 3 2 1
768 36 5 2 1
768 50 5 4 0
768 59 1 3 1
770 18 4 4 1
771 53 5 2 1
771 19 3 4 0
772 29 4 4 0
775 22 5 4 0
776 28 1 4 1
777 60 3 4 0
778 76 5 1 1
779 45 3 2 0
782 63 1 3 1
784 5 3 5 0
787 36 2 3 1
790 63 1 3 1
791 55 2 2 0
792 26 3 2 1
793 14 1 4 0
801 60 2 5 1
804 87 3 3 1
805 71 1 5 0
806 54 3 4 0
807 26 3 2 0
808 6 1 4 0
810 87 3 3 1
812 78 3 1 1
812 88 1 5 1
813 33 4 3 1
813 73 3 5 0
815 20 4 1 0
815 84 4 1 1
817 29 2 4 0
819 65 2 2 1
822 73 1 4 0
824 55 1 5 0
825 35 3 1 0
825 89 3 5 0
827 60 4 4 0
831 14 3 1 0
831 40 3 3 0
832 57 4 5 0
832 53 4 3 1
833 54 5 1 0
834 28 5 2 0
838 78 1 1 1
838 62 1 4 1
841 90 5 4 1
842 74 4 5 1
844 80 5 5 1
846 67 3 5 1
849 72 1 5 0
850 46 4 5 0
851 48 3 3 0
853 2 4 4 1
854 25 3 5 0
854 54 5 2 0
856 30 1 5 0
859 84 5 5 0
861 6 4 2 1
863 16 5 4 0
863 83 2 5 0
864 84 2 5 1
864 74 3 2 1
864 30 3 2 1
865 25 4 2 0
866 13 3 5 0
866 58 2 2 1
873 57 2 3 0
875 18 1 5 0
877 67 2 1 0
877 1 1 5 1
879 20 2 5 1
884 46 5 3 1
885 53 2 2 1
885 50 2 4 1
886 51 2 2 1
889 69 5 1 1
892 2 4 5 0
894 82 4 4 1
894 88 4 3 0
896 21 1 3 0
897 86 5 3 1
898 20 1 2 0
899 37 5 2 0
902 92 5 5 0
904 7 1 1 0
906 74 2 1 1
907 64 3 4 0
910 35 2 3 1
911 83 2 4 1
912 4 2 4 1
913 9 5 3 0
914 87 4 2 1
914 21 1 4 0
915 38 4 3 1
915 79 2 2 0
919 42 2 4 1
920 64 1 3 1
922 26 1 1 1
925 57 4 4 1
926 19 5 3 0
926 82 4 2 0
926 10 3 5 1
927 77 4 4 1
928 61 1 1 1
932 20 1 4 0
932 53 5 2 1
936 32 2 2 0
937 48 3 2 1
939 14 2 5 1
941 51 5 1 0
942 60 4 4 1
942 81 3 3 0
944 33 1 5 1
945 9 5 4 1
945 49 1 2 0
948 82 3 5 0
950 68 5 3 1
953 81 1 5 0
953 45 4 5 1
958 50 4 4 1
961 3 3 2 1
961 45 1 1 1
962 89 3 5 0
964 39 5 1 0
965 46 3 2 1
966 47 3 4 0
970 59 3 3 1
970 64 2 2 1
971 46 5 2 1
972 25 5 3 1
973 75 5 1 1
977 78 4 4 1
977 30 1 1 1
978 55 1 2 0
979 12 4 2 0
985 46 1 3 1
986 37 5 3 0
989 58 1 4 0
990 18 1 4 0
994 60 5 2 1
997 15 1 3 0
997 71 4 1 0
997 56 5 4 1
998 16 4 1 0
998 41 3 3 0
79 536
1 53 2 5 0
1 10 5 4 0
2 35 1 3 1
6 56 2 4 0
8 22 2 5 1
11 29 4 2 1
11 68 5 5 0
13 23 5 2 1
13 58 1 5 1
14 58 3 5 1
17 43 3 1 0
18 56 3 3 0
18 43 2 5 0
18 75 3 1 0
18 39 4 1 0
19 74 3 1 1
19 31 1 1 0
21 36 3 4 0
21 2 2 4 0
22 54 2 3 1
23 12 3 4 0
23 38 5 1 0
25 66 4 1 1
26 79 4 4 1
28 32 2 4 1
30 7 5 5 1
31 34 2 2 1
35 11 2 1 1
39 65 5 2 1
40 44 5 2 0
41 22 3 4 0
41 52 5 2 0
41 74 2 1 1
45 46 4 4 0
45 2 5 5 0
47 55 4 2 0
52 8 1 5 0
52 13 2 3 0
54 72 2 4 0
56 2 4 5 1
60 65 1 2 1
63 22 3 1 1
64 47 1 4 0
65 42 2 5 1
68 65 2 1 1
69 29 2 5 0
69 30 4 4 0
71 74 4 4 0
71 71 3 2 0
77 71 2 1 0
80 48 5 2 0
80 30 2 5 1
82 17 3 5 0
87 32 3 1 1
92 71 5 3 1
92 73 4 1 0
93 78 4 1 1
100 48 3 3 1
100 16 5 4 1
100 16 3 4 0
103 78 5 5 1
105 72 1 1 1
108 53 5 1 1
109 43 1 2 1
110 26 2 2 0
111 57 1 1 1
114 71 1 1 0
117 56 2 2 1
119 30 1 3 0
120 72 4 5 0
125 3 5 1 1
130 22 4 3 1
131 22 5 4 1
134 77 3 2 0
134 45 5 5 1
136 62 3 4 0
136 66 3 1 0
140 3 3 3 1
140 74 4 1 1
147 8 1 3 0
152 8 5 5 0
152 42 2 1 1
153 7 3 2 1
154 52 4 5 0
155 55 2 5 0
165 31 1 3 0
165 14 1 4 1
166 34 1 3 0
172 49 1 5 1
172 26 5 1 1
175 51 5 4 0
177 11 3 2 0
177 51 4 2 0
179 10 5 2 1
179 27 2 3 1
181 18 1 1 1
189 44 1 5 1
190 49 3 5 0
193 7 3 4 0
196 51 2 1 1
197 13 5 1 1
200 25 4 2 0
201 13 3 3 1
204 64 2 5 0
204 37 1 4 0
204 32 4 3 0
207 41 1 4 1
208 35 2 5 1
212 54 4 1 0
213 21 5 2 0
220 75 2 4 1
220 22 5 1 0
221 24 4 1 0
222 43 2 4 0
224 3 5 4 1
226 56 1 1 1
226 13 1 5 1
227 23 1 5 1
227 61 1 1 0
230 11 2 4 1
231 68 5 5 0
231 64 5 5 0
237 41 3 2 1
238 19 5 4 0
239 22 2 3 0
240 5 3 3 0
240 49 1 5 1
241 66 4 2 1
242 68 1 1 0
245 19 5 5 1
246 24 2 2 1
246 78 5 1 0
249 13 2 1 1
249 6 1 2 1
254 75 2 1 0
254 15 2 3 1
255 65 5 3 0
256 29 4 5 0
257 47 5 2 1
262 15 4 4 1
262 27 3 4 0
263 14 3 3 0
265 74 3 3 0
270 24 1 4 1
275 18 5 2 0
276 72 5 5 0
278 24 3 2 0
279 28 3 4 1
279 32 4 2 0
280 47 5 2 0
284 21 2 2 0
286 1 2 4 1
287 9 3 4 0
290 68 3 4 1
297 25 5 1 0
298 3 3 2 0
299 24 5 4 1
300 24 2 2 1
301 64 3 3 1
301 64 1 3 0
303 60 4 5 1
304 12 3 5 1
304 38 5 4 1
307 27 5 1 0
307 19 4 3 1
308 50 3 1 1
308 74 1 4 1
309 69 3 5 1
309 1 3 2 1
310 24 3 3 0
312 4 4 4 1
313 16 5 5 0
315 62 1 5 1
319 66 2 4 0
320 32 4 1 0
320 55 4 1 0
320 7 3 2 0
321 70 4 3 1
321 65 5 5 0
321 47 3 2 1
321 74 5 4 1
322 4 4 1 1
322 8 2 4 1
324 27 5 3 1
325 23 2 3 0
328 49 3 3 1
328 7 3 3 1
330 63 3 4 0
333 2 5 2 0
334 66 2 4 0
335 4 3 4 0
343 18 3 4 1
345 43 1 5 0
345 44 4 1 1
352 16 1 3 1
353 64 2 5 0
354 7 4 2 0
356 16 1 1 0
356 53 3 2 0
357 48 3 5 1
358 34 1 1 1
364 57 5 3 1
370 49 1 2 1
372 6 2 3 1
372 8 4 3 1
373 24 5 4 0
377 72 3 4 1
378 63 4 5 0
378 2 3 1 1
382 57 2 2 0
383 34 1 2 0
384 15 4 2 0
385 9 5 3 0
387 17 2 4 1
388 63 1 3 0
388 1 4 5 0
389 31 4 4 1
389 54 3 1 1
389 31 4 3 0
390 71 4 4 0
390 37 4 3 0
392 69 3 1 0
394 55 1 4 0
395 71 4 3 1
396 50 3 2 0
399 62 4 1 1
400 51 2 3 0
401 58 4 5 0
403 31 2 3 0
408 49 2 4 0
411 31 5 1 1
414 8 4 2 1
427 23 3 5 0
429 70 5 3 0
429 62 3 3 0
429 77 2 5 0
429 22 5 4 1
432 22 4 4 1
434 28 4 4 0
439 64 5 1 0
439 12 4 1 1
446 50 3 5 1
448 73 3 2 1
448 31 4 2 0
449 38 5 1 0
454 2 1 4 0
457 2 3 2 1
458 47 1 3 0
459 22 3 5 0
460 67 5 3 0
460 25 1 1 1
462 45 5 3 1
463 16 2 1 1
463 46 3 1 0
464 53 3 4 1
464 51 3 4 1
469 19 4 4 0
473 13 3 5 1
473 27 1 1 1
474 15 1 5 0
474 38 1 4 0
476 54 1 4 0
479 56 2 5 1
480 77 2 3 1
481 21 1 4 0
483 4 2 5 0
483 11 1 1 1
484 11 2 1 0
484 43 1 2 1
486 75 1 5 0
487 2 3 4 1
488 41 4 4 0
489 72 4 4 0
492 11 1 4 1
493 31 1 1 1
493 18 4 2 0
494 41 3 5 0
498 57 5 1 1
499 50 4 5 0
500 63 5 4 0
501 45 1 5 1
506 17 3 5 1
510 6 3 5 1
511 70 3 4 1
513 1 3 4 1
513 64 3 5 0
517 54 2 4 1
517 63 4 3 0
519 10 4 1 0
520 76 4 2 0
523 19 4 5 0
523 36 3 5 1
526 9 2 2 0
527 10 2 1 0
535 3 3 2 1
536 59 5 5 1
537 42 2 5 0
546 18 5 5 0
550 42 1 4 0
552 20 2 2 1
554 33 2 2 0
554 18 1 5 1
557 35 4 2 1
558 69 2 1 1
558 71 1 5 0
559 53 5 4 1
559 55 3 5 0
561 44 2 3 0
565 54 5 4 0
567 45 2 1 0
570 58 2 5 0
572 73 5 5 0
577 56 4 1 0
578 11 2 4 0
579 4 3 4 0
580 31 4 5 0
582 1 2 4 1
583 5 5 2 0
586 69 5 1 0
587 49 4 3 1
589 22 3 4 0
589 36 1 4 0
590 73 1 3 0
591 9 2 2 1
592 76 3 4 1
595 75 2 3 0
596 23 3 2 1
598 5 5 1 0
600 34 5 2 0
602 46 2 1 1
603 4 5 5 1
603 3 4 5 1
605 33 2 3 1
607 13 4 4 0
608 27 3 1 0
609 51 4 4 1
612 64 1 2 0
613 10 4 4 0
613 1 1 5 0
614 14 2 3 0
619 17 2 1 0
620 44 4 4 0
623 25 5 1 0
625 13 5 2 1
626 73 2 5 0
627 2 3 5 1
627 16 5 1 0
628 62 4 1 0
630 31 1 3 1
635 45 2 4 0
635 40 4 4 0
637 49 2 3 1
637 31 4 5 1
642 23 3 1 1
643 74 5 3 1
646 34 2 5 1
648 6 2 1 0
653 77 4 2 1
654 1 4 2 0
658 22 1 4 0
659 49 4 3 0
660 49 4 2 0
661 78 5 3 1
664 2 1 5 0
667 18 4 2 0
669 8 1 2 0
674 9 4 4 0
676 33 5 4 1
680 2 3 2 1
682 32 1 3 0
682 16 2 3 0
683 67 2 3 0
687 35 5 1 0
688 29 3 3 0
691 25 5 5 0
691 63 5 1 0
692 42 1 3 0
692 28 4 3 1
693 71 3 1 1
697 51 5 3 1
697 48 3 3 0
698 77 5 3 1
700 9 1 3 0
702 24 2 4 1
703 4 5 3 1
705 68 1 2 1
706 62 5 2 1
707 32 2 5 0
707 23 3 1 0
708 71 5 4 1
710 20 4 3 0
711 60 4 4 1
719 14 2 4 1
729 64 2 3 1
730 9 3 1 1
736 62 4 3 1
736 64 3 5 0
737 48 4 2 0
739 24 2 1 0
743 32 2 4 0
743 42 2 1 1
747 41 5 4 1
749 58 5 3 1
751 12 3 3 0
751 65 3 1 1
755 20 1 2 1
757 63 4 3 1
758 37 5 3 1
760 38 5 5 0
761 41 2 3 1
762 13 1 5 1
769 79 2 4 1
769 22 5 1 1
769 17 1 1 1
770 11 5 3 0
770 22 2 4 0
771 23 1 5 1
777 12 5 3 1
777 52 5 3 1
780 44 4 2 0
781 14 5 1 1
782 45 3 1 1
785 37 5 2 0
787 32 5 2 1
789 34 1 4 0
797 7 2 4 1
797 3 3 5 1
798 57 5 1 0
798 49 3 3 1
799 66 3 1 0
803 47 2 4 0
804 56 2 3 0
804 79 2 2 0
805 35 4 1 0
806 39 3 5 1
807 58 4 2 0
809 41 4 5 1
813 55 1 2 1
813 38 4 4 1
815 8 2 5 1
820 10 3 2 1
821 29 1 5 1
822 8 5 3 0
823 63 3 2 0
824 5 2 2 1
829 55 4 1 1
831 78 5 4 0
832 31 1 5 0
833 14 1 3 0
838 4 4 1 0
842 1 1 5 1
842 71 1 5 0
843 76 1 3 0
844 66 3 5 1
851 62 5 5 1
854 13 2 4 0
857 17 2 5 0
860 50 5 3 0
861 70 2 1 1
861 62 1 1 1
862 46 1 2 1
863 5 3 1 0
863 57 2 1 1
867 5 2 1 1
869 30 2 1 0
869 16 5 4 0
873 29 3 2 0
878 23 5 2 1
880 63 2 3 0
884 62 1 3 1
886 67 5 2 0
886 14 4 2 0
891 32 5 1 0
895 11 3 1 1
896 52 5 1 0
897 36 3 2 1
897 2 3 4 0
899 54 5 1 0
900 75 1 5 0
900 10 1 2 0
900 57 5 2 0
901 64 4 3 1
902 44 5 1 0
905 37 1 5 0
906 33 4 1 1
906 7 3 1 1
908 2 5 4 1
912 15 2 1 1
916 78 5 5 1
917 19 4 4 0
918 11 2 5 1
919 30 3 2 0
920 12 4 4 1
922 4 2 4 1
922 67 3 2 1
923 62 5 5 0
924 78 2 4 1
926 17 3 3 1
929 7 3 2 0
929 3 2 4 0
933 52 4 4 1
934 70 1 3 1
936 18 1 4 1
940 9 5 2 1
944 6 4 5 0
946 27 3 1 1
947 43 3 1 1
947 19 4 4 0
948 41 4 1 1
952 21 2 2 1
959 3 3 3 0
963 39 2 3 0
964 30 5 3 0
965 44 5 5 0
966 64 4 3 1
966 51 4 1 1
967 54 5 2 0
968 24 2 2 0
969 68 2 4 1
971 73 3 3 1
972 43 2 1 1
973 24 2 2 1
973 43 2 3 0
973 39 1 4 0
983 46 1 4 1
985 45 5 3 1
986 12 2 3 1
987 18 3 3 0
989 37 5 5 1
991 78 1 3 0
994 49 4 2 0
996 65 2 2 1
997 69 5 4 1
997 21 4 1 0
999 6 2 5 1
1000 23 4 5 0
76 911
1 56 4 4 0
2 54 5 4 0
5 61 5 3 0
6 30 2 2 0
6 24 1 2 0
6 20 1 5 1
9 57 2 5 1
9 6 1 4 0
11 73 2 4 0
12 25 5 4 1
14 12 4 5 0
17 14 1 2 1
18 5 5 4 1
19 11 3 2 0
19 23 4 2 0
20 51 3 5 0
20 48 1 2 1
20 51 1 4 1
22 41 1 4 0
23 76 2 3 1
24 3 2 2 0
24 9 1 3 0
24 32 2 2 0
28 18 3 3 1
29 53 3 4 1
29 3 2 2 0
30 35 5 2 1
30 36 1 2 1
34 15 1 2 0
35 57 4 1 1
35 26 1 3 1
38 3 4 1 0
39 33 5 2 1
40 12 1 2 0
43 73 2 4 0
45 29 2 1 1
46 73 3 2 0
47 76 1 1 1
48 75 1 2 1
49 52 1 3 1
51 27 4 1 1
53 45 1 4 0
53 22 1 2 1
56 31 1 5 1
56 70 1 5 1
57 25 2 2 1
58 19 4 4 1
58 15 2 3 0
61 32 1 5 1
61 52 5 3 1
61 47 4 3 0
63 66 1 1 0
65 63 5 1 1
65 43 3 5 1
67 46 4 4 0
67 6 5 4 0
69 53 3 2 1
69 48 2 2 0
70 43 1 3 0
73 17 1 2 0
73 41 2 5 1
73 4 3 4 0
75 44 5 2 1
75 52 5 2 1
76 24 1 3 1
80 29 1 5 1
80 59 5 3 1
81 28 3 2 1
81 53 3 4 0
84 24 3 2 1
85 67 4 1 0
86 28 3 5 1
86 9 3 2 1
88 58 4 4 0
89 46 5 2 0
92 14 3 4 1
93 1 5 5 1
96 5 2 3 1
97 72 5 2 0
97 21 2 5 0
97 39 4 5 0
105 33 5 2 1
107 55 3 3 0
108 4 2 2 0
109 55 4 1 1
110 36 5 2 1
111 37 2 4 0
112 68 3 1 0
114 1 3 3 0
114 70 2 1 0
115 38 3 2 0
116 36 2 5 1
116 31 4 1 1
116 30 3 2 0
117 40 5 2 1
119 32 3 4 0
122 30 5 3 1
122 3 4 1 0
122 53 3 1 0
123 34 4 4 0
124 51 1 4 0
124 58 3 5 0
126 31 2 3 1
127 12 5 4 0
128 57 3 5 0
128 67 1 5 1
128 8 3 4 0
129 15 3 5 1
131 18 4 2 1
131 21 3 3 0
134 20 5 2 1
134 66 1 4 1
134 8 4 4 1
135 30 1 4 0
137 32 5 1 1
137 55 4 4 1
140 25 5 3 0
141 66 2 4 0
143 4 5 5 0
144 44 4 3 1
145 42 2 4 1
145 40 1 4 1
145 25 1 2 1
146 27 5 5 1
149 42 4 4 0
149 56 3 3 0
150 52 3 1 0
152 40 4 3 1
152 66 2 3 1
154 67 2 4 0
155 65 1 5 1
155 73 5 1 1
157 72 1 1 1
157 47 5 5 0
159 8 3 3 0
160 68 3 5 1
162 45 1 1 1
163 44 5 1 1
166 47 1 5 0
167 24 2 1 0
167 48 4 2 1
168 65 4 1 1
169 46 5 1 0
169 37 4 3 0
170 1 4 1 1
171 47 1 2 1
171 40 4 5 1
172 14 5 1 0
172 53 3 4 1
173 10 2 4 0
174 61 4 4 0
175 68 5 5 1
175 65 4 5 1
175 71 2 5 1
175 32 1 5 1
176 5 3 2 1
176 16 2 4 0
177 63 2 4 0
177 27 2 4 0
178 31 1 2 0
178 71 2 4 1
179 35 1 2 1
179 35 4 3 0
179 70 1 2 0
180 41 1 2 0
182 35 4 3 0
187 4 3 3 0
188 41 1 5 1
190 73 5 5 1
190 39 5 2 0
193 46 5 5 0
195 21 5 1 1
195 6 2 1 0
196 47 5 5 1
197 29 5 2 0
197 12 2 2 0
198 46 4 5 1
199 48 1 2 1
199 62 1 2 1
200 14 2 2 1
201 50 1 3 1
201 51 3 2 1
202 69 5 2 1
203 13 5 5 0
203 44 4 1 0
205 63 2 1 0
205 63 5 4 0
206 29 5 4 1
207 17 4 3 0
208 6 4 4 0
209 64 5 2 1
209 72 5 1 1
212 72 1 4 0
220 59 1 5 0
220 16 4 4 0
221 10 4 5 1
221 56 4 2 0
224 17 5 3 1
226 22 3 3 1
226 29 5 3 0
229 1 1 5 0
230 62 2 3 1
232 72 2 1 0
234 34 2 2 1
235 67 5 3 0
236 16 2 1 1
236 5 1 5 1
238 30 3 3 1
240 23 1 2 1
244 22 5 3 1
245 55 5 1 1
246 53 2 3 0
246 34 5 3 1
247 12 2 4 0
247 67 1 1 0
248 56 3 5 1
249 28 1 4 0
249 15 3 4 1
252 10 3 1 0
253 38 3 5 1
253 27 3 1 0
255 54 2 3 0
257 16 4 4 1
258 62 4 4 0
260 69 4 4 0
261 50 5 1 1
262 52 5 1 1
263 46 3 3 0
264 4 3 1 1
264 29 2 5 1
266 64 2 5 0
266 23 4 4 0
269 71 3 2 0
270 56 2 2 0
271 28 3 2 1
272 51 5 5 1
273 12 1 2 1
274 56 1 4 1
277 4 2 1 0
279 54 5 4 1
279 40 3 5 1
279 13 4 2 0
282 44 1 5 1
282 25 1 1 0
286 43 1 2 1
287 41 5 3 0
288 35 4 3 1
291 25 1 4 1
291 57 2 2 1
291 23 5 1 0
291 33 1 4 0
298 50 5 2 0
298 63 4 5 1
299 44 2 1 0
301 27 5 5 1
303 29 1 1 0
304 65 1 5 0
306 23 4 5 0
306 36 3 5 0
307 54 4 3 0
308 33 4 2 1
312 6 3 4 0
315 2 2 2 0
317 53 1 2 1
318 53 4 3 0
319 29 3 2 0
319 19 2 1 1
319 9 3 1 1
320 45 1 4 0
321 23 5 3 1
322 16 5 3 1
323 43 4 5 0
324 28 5 3 0
325 18 1 1 0
327 36 2 1 1
327 75 2 4 1
328 55 4 3 1
328 33 3 4 0
330 66 1 5 1
330 7 2 4 1
330 72 3 5 1
332 28 1 1 1
336 36 2 4 1
337 6 3 1 0
337 28 3 2 1
339 62 4 5 1
339 46 1 2 1
339 55 5 4 0
340 69 5 4 1
340 3 5 4 0
342 28 5 2 0
343 62 5 5 1
344 33 2 3 0
345 6 1 4 0
345 36 5 2 1
345 25 4 4 0
345 15 5 2 0
346 58 4 5 0
346 45 4 4 0
347 15 4 2 0
348 49 5 5 1
348 69 4 2 0
349 20 5 1 1
349 46 5 4 1
349 47 3 4 0
350 61 1 4 0
350 74 1 5 0
353 44 2 1 0
353 39 1 1 0
357 31 4 4 0
359 8 3 5 0
361 55 5 2 0
362 75 4 3 1
363 43 4 5 0
363 50 4 4 0
363 71 1 2 1
363 35 1 3 0
364 17 5 3 0
366 21 5 4 0
366 58 1 3 1
370 62 2 5 0
372 15 1 5 0
372 16 4 4 1
374 41 5 4 0
375 18 4 1 0
375 20 4 3 1
375 31 4 3 0
376 54 2 1 1
376 34 1 5 1
377 29 5 4 1
378 25 4 3 1
379 9 2 1 1
379 63 4 2 1
381 30 4 3 1
381 46 3 3 1
382 18 2 5 1
383 17 2 3 1
385 52 1 4 0
387 39 4 5 0
389 36 2 4 0
390 2 3 5 0
390 26 1 5 1
390 13 2 5 1
390 32 3 3 1
393 16 3 3 0
394 34 5 3 1
394 21 4 2 1
395 5 2 1 0
396 67 3 4 1
396 20 1 1 1
397 4 1 3 1
397 42 2 5 1
397 29 4 2 0
397 2 5 3 1
397 66 1 1 0
398 68 5 4 0
399 37 2 2 1
401 29 3 3 0
401 17 4 5 0
402 5 4 4 0
403 13 2 5 0
403 30 1 3 0
404 12 2 1 1
405 14 2 3 0
405 70 2 3 0
406 37 5 3 0
407 53 1 3 1
408 15 1 4 1
409 7 1 1 0
409 49 3 4 0
411 5 2 4 1
413 10 3 4 1
415 58 2 4 1
416 53 5 1 1
417 72 2 5 1
419 31 2 4 1
422 72 1 2 0
422 54 5 5 0
423 14 1 1 1
425 21 4 5 1
425 8 2 2 0
428 58 2 1 1
429 6 5 3 0
429 53 1 4 1
430 9 3 2 1
432 60 5 2 0
432 26 4 5 0
433 1 5 5 1
433 20 4 2 1
434 21 4 2 1
435 17 5 1 0
435 32 5 3 0
435 41 5 2 1
436 35 4 4 1
438 59 4 2 1
439 1 1 1 0
439 19 3 2 0
439 24 2 4 1
440 41 2 2 0
441 41 3 1 1
442 38 2 1 0
443 37 1 2 0
443 60 1 5 1
444 54 4 2 1
444 70 3 3 1
447 13 3 2 0
447 52 3 2 1
449 55 3 2 0
449 71 1 4 0
449 68 5 1 0
450 60 2 4 0
452 75 4 3 0
452 34 5 2 1
452 76 5 4 0
456 68 3 2 1
456 5 3 1 0
456 66 2 1 1
457 29 5 4 1
457 24 4 2 1
457 46 3 3 0
457 40 4 2 1
457 51 4 3 0
458 5 5 4 1
462 54 3 4 0
462 48 2 4 1
463 27 4 4 0
465 9 3 5 1
466 26 2 3 0
466 68 5 4 0
468 63 5 3 1
471 44 1 1 0
471 3 5 5 0
472 42 2 2 0
473 10 5 4 1
474 67 4 4 1
475 56 4 2 0
476 15 1 2 1
477 33 1 5 0
477 43 2 1 1
477 11 4 3 1
478 15 4 2 1
478 66 5 2 1
478 60 2 3 0
480 38 2 1 1
480 65 1 2 1
481 12 1 1 1
481 28 1 3 0
483 46 4 2 0
485 66 4 3 1
486 9 4 2 0
486 3 4 1 1
493 61 2 2 1
502 6 4 3 0
503 44 5 1 0
507 44 4 4 0
507 21 2 3 0
507 3 3 5 1
508 55 4 2 1
510 47 3 2 1
515 35 2 4 0
521 72 1 1 0
526 43 1 4 0
529 38 3 5 1
529 55 5 3 0
531 24 5 1 1
532 23 5 1 0
533 34 1 1 1
534 60 5 5 0
535 62 1 4 1
536 73 3 2 1
537 68 3 1 1
537 4 5 5 0
539 53 2 2 1
539 61 2 5 0
540 69 3 5 0
540 69 3 2 0
540 52 5 1 0
542 72 3 5 0
543 57 5 1 0
545 52 3 3 0
546 25 1 2 1
547 20 4 4 0
548 26 1 5 1
549 50 1 2 1
549 55 2 3 1
550 56 3 3 0
551 31 5 2 0
551 31 1 4 1
552 14 5 4 1
555 56 2 2 0
555 57 1 5 1
555 55 2 2 1
555 36 1 3 0
557 72 1 2 1
558 65 2 5 0
558 5 5 4 1
560 48 5 4 1
561 20 4 5 1
561 22 3 3 1
562 12 2 4 0
565 75 2 3 0
565 14 1 4 0
565 11 4 5 0
566 22 5 1 0
567 44 1 2 0
567 50 3 5 0
568 14 2 3 0
568 50 1 2 0
569 41 5 5 0
569 34 4 2 0
571 29 5 1 1
572 14 1 1 1
572 28 4 5 0
572 50 5 2 1
573 3 1 5 1
573 59 1 5 1
576 62 1 1 1
576 31 4 2 0
577 12 5 3 1
581 31 5 2 1
581 59 2 3 1
581 56 4 4 0
582 10 4 4 1
582 53 2 3 0
582 27 3 3 1
583 35 5 2 0
583 17 2 1 1
585 26 1 4 0
586 35 2 2 1
588 17 2 3 1
589 46 4 1 0
590 62 2 1 1
590 21 2 4 1
591 21 3 3 0
593 57 5 2 1
593 22 3 5 1
593 7 5 1 0
594 9 5 5 0
594 17 3 4 1
596 52 1 4 1
596 22 5 3 0
596 32 1 4 0
597 67 4 3 0
599 3 3 1 0
599 54 1 2 0
600 21 5 4 1
600 12 5 5 1
604 9 2 1 1
605 72 5 3 1
607 25 1 5 1
608 52 5 2 0
608 76 4 4 0
609 48 1 5 1
610 67 2 1 0
610 46 2 3 0
610 70 3 4 0
614 14 4 3 1
615 4 1 5 0
615 2 2 4 0
620 10 4 5 1
620 3 4 5 0
621 4 5 3 0
622 3 2 4 0
624 14 3 3 1
625 30 2 4 0
625 50 3 2 0
626 39 3 2 0
626 26 5 2 0
627 19 5 3 1
628 45 1 1 0
629 14 1 5 0
630 61 4 4 1
631 65 5 3 1
636 53 3 5 0
637 27 1 1 1
639 31 2 1 0
641 22 5 3 0
642 18 1 1 1
642 73 4 5 0
642 48 4 2 1
643 68 1 3 0
644 24 2 4 0
645 27 4 5 0
645 34 4 5 0
645 16 5 3 0
646 15 4 1 1
646 47 5 5 0
647 10 2 5 0
648 49 5 3 0
650 75 5 2 1
650 64 3 4 0
651 6 4 2 0
652 57 4 4 0
653 59 2 3 1
653 74 3 5 1
653 71 2 2 1
654 54 1 1 0
655 10 3 4 1
657 61 2 5 0
657 70 1 3 0
657 68 2 5 1
658 20 4 5 0
658 76 4 4 1
659 17 2 5 0
660 70 2 5 1
660 44 4 5 1
661 70 2 4 0
662 24 4 2 1
662 36 3 1 0
662 15 3 3 0
663 38 3 5 1
664 26 3 2 0
664 54 1 4 0
665 3 4 1 0
666 25 2 5 1
666 64 1 1 0
667 61 4 3 1
667 23 5 2 0
667 7 4 4 1
668 4 5 3 0
669 65 5 5 1
670 13 5 1 1
671 17 5 3 1
672 12 2 1 1
672 56 2 3 0
673 12 3 1 0
674 67 3 2 1
675 3 5 4 1
676 38 3 4 0
678 26 2 3 0
680 29 3 2 1
680 53 5 5 0
682 60 5 2 0
682 9 5 1 1
685 51 2 5 1
686 41 1 5 0
687 31 3 4 1
688 48 5 5 0
689 31 4 4 0
689 12 1 5 0
690 2 4 5 1
691 46 1 2 0
691 39 3 5 1
693 27 2 5 0
696 31 3 2 0
696 76 2 3 1
697 41 3 4 0
697 75 5 4 0
697 55 3 4 0
697 7 1 4 0
698 46 4 3 0
698 76 4 2 0
698 38 1 5 1
698 60 4 5 0
701 18 3 4 0
701 41 5 3 0
703 69 3 1 0
704 64 2 1 1
705 65 5 1 1
706 36 3 3 1
712 21 1 1 0
712 6 2 1 1
712 56 3 4 0
712 39 2 2 0
715 24 5 5 1
716 69 3 2 0
718 55 5 3 1
719 50 3 1 1
724 1 2 1 0
726 54 4 2 1
726 59 5 1 1
728 47 1 5 0
728 59 3 4 0
729 4 1 1 1
732 19 4 5 0
733 48 5 4 1
735 72 1 2 0
735 46 4 1 0
735 13 2 5 0
739 8 5 2 1
741 46 1 1 1
741 37 5 1 1
742 6 4 5 0
745 54 4 5 0
746 5 3 3 0
747 45 1 5 0
748 70 4 3 1
749 72 5 4 1
749 7 4 5 1
750 61 5 4 1
752 62 4 5 1
755 48 1 5 0
756 41 5 5 1
757 25 3 5 1
757 65 1 4 0
758 59 1 1 0
758 48 5 5 1
759 65 2 3 0
759 35 4 2 1
761 67 3 3 1
761 9 3 5 1
762 22 4 4 0
762 36 1 2 1
762 42 3 2 1
762 34 4 5 1
762 4 5 1 1
764 49 2 3 0
767 49 1 3 0
767 63 1 1 1
768 44 1 2 0
771 32 4 4 1
771 24 5 4 1
772 66 5 2 0
773 18 3 4 0
773 39 5 3 1
776 14 3 4 0
777 31 4 1 1
777 46 1 4 0
777 32 1 2 1
778 4 1 3 1
779 57 3 2 1
779 2 4 5 0
780 63 1 3 0
781 54 3 4 0
781 68 3 1 0
782 31 4 3 1
785 34 5 3 0
786 33 5 5 0
786 68 4 1 0
786 26 4 5 0
786 23 2 1 0
787 32 4 1 1
788 70 2 4 0
788 66 2 4 0
790 69 4 4 1
792 43 3 5 1
793 27 2 3 1
794 50 1 4 1
796 47 4 5 0
796 11 3 1 0
798 33 5 1 0
799 39 2 4 1
800 22 1 3 1
802 63 1 1 1
802 8 2 4 1
803 16 1 4 1
806 44 2 3 1
808 6 3 1 1
810 68 2 2 1
810 53 1 1 1
812 51 1 1 1
812 72 5 2 0
813 71 5 3 1
813 12 1 3 0
813 24 5 3 1
814 15 3 4 0
816 13 1 3 1
818 36 4 4 1
818 41 3 5 0
819 8 2 2 1
823 43 3 5 1
823 73 3 1 1
824 14 4 4 0
827 5 3 4 0
828 14 1 1 1
828 58 2 2 0
830 34 3 4 0
832 32 1 2 1
834 39 2 1 1
838 35 4 4 0
839 6 2 1 1
844 52 4 5 1
844 66 3 4 1
845 42 2 5 1
847 49 5 4 1
848 41 5 3 0
849 28 1 2 0
849 63 3 3 0
850 5 2 3 0
850 46 5 4 0
851 27 2 1 0
851 57 5 5 0
851 66 2 4 0
852 52 5 4 0
852 64 1 4 0
854 44 1 2 0
854 18 1 5 0
854 30 4 1 1
855 35 3 5 0
857 17 2 4 1
858 34 2 2 1
859 37 2 5 0
859 5 3 4 1
859 68 3 3 1
863 2 5 3 0
864 5 4 3 1
864 59 1 3 0
865 70 3 4 1
865 41 3 3 0
866 2 4 1 0
866 30 5 5 1
866 45 4 2 0
867 56 4 4 1
867 61 1 3 0
868 38 1 3 0
869 48 5 5 0
870 18 3 1 0
871 34 1 2 0
872 51 5 3 1
873 48 1 3 0
874 55 5 1 1
878 58 3 4 1
879 45 3 4 0
880 21 4 1 1
883 67 5 5 1
884 20 2 5 1
884 71 5 2 1
884 65 4 5 1
885 18 1 5 0
886 32 2 1 0
894 21 4 2 0
895 19 1 5 0
895 58 4 1 1
895 22 1 5 1
896 21 5 1 1
898 12 1 4 1
899 29 5 4 1
900 23 5 5 1
901 75 1 4 1
902 75 4 2 0
903 12 1 2 1
903 66 5 5 0
904 7 5 3 1
905 31 4 5 1
905 5 4 5 1
906 62 5 5 1
906 1 1 2 1
906 50 4 3 0
907 52 2 5 1
908 35 3 2 1
911 39 1 3 1
912 31 4 3 0
912 35 4 4 1
916 39 1 4 1
917 28 1 3 0
918 60 2 5 0
919 70 1 1 1
924 36 2 5 1
924 56 3 2 0
926 52 2 1 1
927 70 4 4 0
931 7 4 5 1
936 37 2 1 0
936 71 4 4 0
939 31 4 3 0
940 53 5 3 0
943 15 3 2 1
948 67 3 5 0
948 5 2 4 0
949 1 5 1 0
950 51 5 4 1
950 32 4 2 1
950 72 4 4 1
951 21 1 4 1
951 17 2 3 1
952 40 3 3 0
954 44 3 3 1
954 76 3 5 1
957 32 1 3 0
958 38 3 3 0
959 35 3 1 1
960 17 2 5 1
960 23 1 5 0
962 20 3 4 0
963 68 2 5 0
964 37 5 5 0
965 72 2 5 1
965 2 3 2 0
965 15 3 2 0
965 12 3 4 1
965 51 1 5 0
967 8 5 3 1
970 2 2 3 1
971 16 3 4 1
971 1 5 5 1
971 22 5 4 0
972 75 1 4 0
972 50 4 3 1
972 29 2 3 1
973 51 2 4 1
976 15 3 4 0
977 53 2 1 1
977 30 5 3 0
981 41 4 2 1
981 46 2 5 1
982 66 3 5 1
982 45 2 5 0
983 25 4 4 1
983 30 2 1 0
987 76 3 4 0
987 30 1 4 1
989 31 2 3 0
990 48 3 1 0
991 43 1 2 1
992 35 2 2 0
994 3 5 2 0
996 16 1 1 1
997 55 1 1 1
997 48 2 3 0
997 16 2 3 0
997 53 5 5 0
67 823
1 26 3 1 0
3 13 1 2 0
3 62 3 4 0
6 26 1 3 0
7 30 1 1 0
10 58 1 5 0
12 36 4 5 0
13 49 2 3 1
15 40 2 5 0
16 46 3 3 0
20 39 4 5 0
21 49 2 3 0
21 42 2 2 0
22 11 2 2 1
22 20 2 5 1
22 20 4 3 1
22 35 4 1 0
25 46 1 2 1
25 57 2 3 0
25 37 1 1 1
26 36 5 5 0
28 25 2 1 0
29 59 1 3 0
30 56 5 4 0
32 64 2 3 1
33 8 4 1 0
33 44 4 4 0
34 20 5 1 0
35 35 5 1 0
36 30 3 3 1
38 56 5 4 1
38 45 3 2 1
38 50 4 1 0
38 26 2 3 1
40 32 5 3 1
45 6 1 3 1
46 67 2 3 1
46 64 4 4 0
46 15 4 4 0
47 45 4 5 0
47 38 4 2 1
48 16 3 2 1
50 13 3 3 1
50 62 4 1 1
54 33 4 2 1
56 22 1 2 0
59 32 3 4 0
59 53 2 1 1
60 48 3 2 0
60 51 1 3 0
60 8 2 1 1
62 13 2 4 0
63 15 1 5 0
66 25 5 3 1
66 67 4 3 0
70 5 3 5 0
70 44 2 4 0
71 44 2 5 0
72 1 1 1 1
73 25 5 1 1
73 36 4 1 0
73 35 4 5 0
73 9 5 1 0
74 52 4 4 0
76 21 5 4 0
76 3 5 3 1
78 51 1 3 0
78 8 1 3 1
78 26 3 1 1
79 34 5 3 0
79 26 4 3 1
79 15 1 2 1
82 13 2 5 1
82 46 5 2 0
82 21 5 4 1
83 22 1 1 1
83 5 4 2 1
84 64 1 1 0
88 47 2 2 0
88 19 5 1 0
94 41 3 5 0
94 1 3 5 1
94 59 5 1 1
96 42 4 2 1
98 10 4 2 1
100 30 4 3 1
100 29 4 5 1
105 22 2 3 1
106 19 4 2 0
107 27 2 4 1
112 44 5 2 1
114 13 1 4 1
115 61 3 4 0
115 13 5 4 1
116 27 4 3 0
117 34 1 4 1
117 6 1 4 0
119 32 5 5 1
122 17 1 4 1
127 46 1 3 0
129 18 4 2 0
132 13 3 2 0
133 20 4 1 0
136 66 1 5 0
137 14 2 5 1
137 38 1 3 0
139 38 1 1 0
139 15 2 3 1
140 26 4 4 0
142 58 4 5 1
146 52 5 4 1
146 52 2 5 0
146 35 5 4 0
147 9 3 2 1
148 17 3 4 1
149 12 5 2 0
150 53 1 4 1
150 7 4 5 1
152 6 5 1 1
152 65 3 2 1
154 25 2 4 1
154 67 4 5 0
155 1 3 4 0
156 53 2 3 0
157 26 1 1 1
159 12 1 4 1
160 49 5 2 1
161 29 3 3 1
161 56 2 2 1
162 8 5 5 1
163 7 5 4 0
163 57 3 2 0
166 51 1 5 1
169 36 3 5 1
169 22 2 5 1
171 62 5 2 1
171 33 2 5 1
172 48 2 1 0
173 46 2 4 1
174 7 5 5 1
175 6 5 3 0
175 10 1 2 1
176 9 3 3 1
178 63 3 1 1
181 42 3 3 0
181 53 1 2 0
185 63 5 5 1
188 30 3 2 1
188 8 1 2 1
189 27 3 2 1
194 25 3 1 0
194 32 4 2 0
195 58 5 4 1
195 15 1 3 1
196 52 3 1 1
198 52 3 3 1
199 1 4 1 0
201 37 1 4 1
203 29 4 1 0
204 8 4 1 0
205 59 5 5 0
205 47 2 1 1
206 49 1 2 0
207 3 5 5 1
208 11 1 2 1
209 41 1 4 0
212 7 4 4 0
214 8 5 4 0
214 9 2 5 0
215 57 1 3 0
215 24 5 2 1
216 49 5 4 1
217 38 3 4 0
217 31 3 5 1
218 44 2 5 0
218 9 2 1 0
218 23 4 5 1
218 61 5 4 1
218 35 5 1 0
219 39 4 3 1
219 45 4 2 0
219 65 5 4 1
220 23 2 3 1
221 12 3 1 0
222 23 4 2 1
223 4 1 4 1
224 31 3 3 1
230 39 1 2 0
231 52 4 2 1
231 18 3 4 1
232 21 4 2 0
233 54 5 1 1
235 40 2 3 0
236 48 4 5 0
237 34 2 2 0
242 34 5 4 1
242 7 4 4 0
244 12 1 5 0
244 26 1 1 0
245 6 5 3 0
246 13 1 1 1
246 10 1 2 1
247 32 2 2 1
249 47 5 4 0
249 49 1 2 1
250 42 5 3 1
252 6 2 4 0
252 66 3 3 0
252 38 4 5 1
255 63 4 4 1
255 61 3 3 1
256 52 2 1 0
256 63 3 1 0
257 56 3 2 0
259 11 1 5 1
259 46 4 5 1
260 8 4 4 1
262 55 5 3 1
263 35 4 3 0
265 52 1 1 0
265 9 3 5 1
267 50 4 3 1
267 48 4 5 0
269 67 2 2 1
269 55 1 5 1
269 55 5 3 1
269 7 1 4 1
269 26 4 5 0
271 19 4 2 0
275 56 4 1 1
276 18 4 3 1
276 31 3 3 1
280 13 1 5 1
281 35 1 5 0
282 44 4 3 0
283 21 2 3 1
286 3 2 3 0
286 55 2 4 1
287 67 5 2 0
289 42 5 5 0
290 40 4 4 1
293 35 2 3 0
293 29 3 2 1
293 4 2 1 0
293 28 4 2 1
295 16 3 2 0
299 34 3 1 1
301 23 1 4 1
301 50 4 2 0
304 37 4 4 1
308 33 5 2 1
308 35 4 5 1
308 24 4 1 1
309 52 2 5 0
310 1 5 2 0
311 20 5 2 0
312 61 2 5 0
314 40 1 5 1
315 12 3 1 1
316 20 3 5 0
319 5 4 1 0
319 2 3 3 1
322 31 5 5 0
323 40 2 5 0
323 53 3 3 0
323 16 4 1 1
323 7 4 4 0
326 26 4 5 0
326 36 5 3 0
327 11 5 1 0
327 12 5 3 0
328 20 2 4 0
328 29 2 4 0
329 60 2 4 0
331 34 5 3 0
333 62 5 4 1
335 50 5 4 1
335 65 1 2 0
340 63 3 4 0
340 34 2 4 0
341 5 4 1 1
341 53 4 3 1
346 41 5 5 1
347 26 3 3 1
348 52 5 1 0
348 49 5 3 0
348 28 2 2 1
350 41 5 3 0
350 17 1 2 1
351 4 5 1 1
353 29 1 3 0
353 7 1 4 1
353 35 1 4 1
355 22 5 1 1
356 14 1 5 0
357 66 4 1 1
358 13 5 3 0
361 42 4 1 0
361 16 1 1 0
361 29 2 5 0
362 39 1 5 0
362 50 4 2 1
364 53 5 5 1
365 61 1 3 0
366 36 1 5 1
368 30 4 5 1
369 50 2 1 1
370 53 4 1 0
371 32 1 5 1
371 40 1 2 1
374 16 4 3 0
374 14 4 4 1
375 26 1 4 1
375 21 4 4 1
376 7 5 3 1
378 4 2 4 0
379 60 2 4 0
380 18 5 2 1
380 50 4 5 1
381 42 3 4 1
381 17 3 3 0
381 35 4 1 1
384 15 1 2 0
385 35 2 4 1
385 35 4 1 0
386 40 3 1 1
387 36 4 1 1
387 15 2 3 1
387 43 5 2 0
388 7 1 4 0
392 67 1 1 1
392 30 4 3 0
396 44 1 1 0
396 52 4 2 1
397 28 3 3 0
397 18 1 2 1
398 3 1 4 0
399 65 1 2 1
401 12 4 3 1
401 5 4 5 1
403 46 3 2 0
403 28 2 4 0
404 66 1 3 1
405 30 4 3 1
405 16 3 3 0
407 61 2 5 1
407 24 2 3 0
408 23 2 5 0
408 8 3 4 1
409 5 4 1 1
414 59 3 1 0
415 47 2 3 1
417 30 4 1 1
421 59 5 2 1
422 66 5 5 0
422 11 5 3 1
424 52 5 2 0
427 9 3 1 1
428 50 1 1 1
431 34 2 2 1
431 22 4 2 1
433 60 4 5 0
434 16 3 3 1
436 18 1 5 0
436 7 4 5 1
439 64 3 5 1
439 45 2 3 1
440 15 2 4 0
440 12 4 5 1
441 7 5 3 1
442 54 2 2 1
442 9 4 3 1
443 60 4 3 1
444 61 5 4 1
447 22 3 1 0
448 43 1 1 0
452 65 5 4 1
453 43 3 3 0
455 38 2 4 1
455 16 2 5 1
455 52 5 3 1
456 48 3 2 1
456 17 2 2 0
456 23 5 4 0
458 31 4 2 1
460 12 3 4 0
461 35 3 4 0
461 48 5 2 1
461 56 1 2 1
463 29 5 4 1
464 23 4 3 1
465 48 1 2 1
465 27 2 4 0
468 56 2 4 1
469 34 3 2 1
469 58 4 5 0
470 22 4 4 0
470 63 1 4 1
470 27 5 2 0
471 63 2 2 0
472 39 3 1 0
472 17 4 2 0
475 19 5 1 0
477 60 4 4 1
479 12 3 3 0
479 1 3 2 0
481 42 5 1 0
481 64 2 4 0
482 17 5 1 1
488 9 2 1 1
488 1 5 5 1
488 34 5 1 1
489 36 5 1 1
490 13 1 2 0
493 53 2 1 0
494 59 3 4 1
495 46 4 4 1
495 1 1 1 0
496 19 4 4 0
497 22 5 3 0
498 57 5 3 1
501 13 3 4 0
503 30 4 5 0
503 10 2 1 1
503 35 2 4 0
512 22 3 2 0
512 51 1 5 0
513 22 5 3 1
514 49 4 3 0
515 61 5 4 1
515 35 5 5 0
516 59 1 3 1
517 2 3 4 0
517 48 4 2 0
519 34 5 5 0
520 14 4 3 0
521 22 3 5 1
522 10 1 4 0
523 11 3 3 0
524 7 1 1 1
526 41 1 3 1
526 27 1 4 0
529 65 3 3 1
530 36 4 5 0
531 19 3 5 0
532 7 1 1 0
532 6 3 5 0
533 21 1 5 0
533 62 5 3 1
533 40 1 2 1
535 50 1 1 1
537 60 3 3 1
538 51 1 4 0
539 63 5 3 1
540 44 3 4 0
542 45 2 3 1
542 36 4 4 1
543 13 1 3 0
543 34 5 2 0
543 66 5 3 1
544 61 5 4 0
546 10 1 2 0
546 17 4 1 1
549 43 4 1 0
554 61 4 2 0
554 64 3 3 0
555 15 5 5 1
555 53 1 2 0
555 16 2 3 0
559 16 1 5 1
560 57 1 2 0
560 10 1 1 0
560 58 3 2 0
560 64 3 2 1
563 61 5 2 0
564 30 5 4 0
565 10 1 1 1
565 26 1 1 1
571 13 1 5 0
573 2 3 1 1
573 46 5 5 0
574 61 3 5 1
574 29 1 4 0
577 51 2 2 1
580 51 1 5 0
580 19 5 5 1
580 14 2 2 0
583 20 4 5 1
583 45 4 3 0
583 46 1 5 1
586 2 4 2 1
587 25 5 5 0
588 13 2 2 1
588 35 3 4 1
589 30 4 5 0
589 19 3 5 1
590 54 4 4 1
592 37 1 2 1
593 47 2 5 0
594 11 5 3 1
596 12 1 4 1
597 40 4 2 0
598 67 5 2 0
599 23 5 2 1
600 22 5 3 1
604 20 4 4 0
606 5 2 3 0
607 48 2 4 0
609 40 3 1 0
610 55 2 5 1
613 26 4 5 0
613 26 3 2 0
618 25 5 5 0
618 26 2 1 1
619 34 1 1 0
619 26 2 2 0
620 17 5 3 1
620 53 1 3 0
621 36 2 4 1
622 61 2 3 0
623 2 1 2 1
623 47 2 3 0
624 21 4 5 0
625 21 2 2 1
626 19 2 5 1
631 15 5 1 0
632 59 4 2 1
634 66 3 2 0
637 45 5 3 0
638 24 1 3 0
638 61 3 3 0
642 32 5 4 1
644 8 3 3 1
644 63 3 3 0
645 9 4 4 0
646 6 4 1 1
646 50 5 5 0
648 13 1 5 1
650 28 4 2 1
650 67 1 3 0
651 6 1 4 0
652 21 1 3 0
652 55 3 5 1
653 42 5 5 0
655 8 2 4 0
655 57 5 2 0
656 62 4 3 0
656 23 1 2 0
657 61 2 4 1
657 5 3 5 1
657 11 3 3 1
659 67 4 2 0
660 65 3 4 1
660 19 4 1 1
663 64 1 4 1
663 7 1 3 1
663 8 3 4 1
664 42 5 4 1
664 27 1 3 0
665 23 3 1 0
665 17 5 3 0
666 59 3 3 0
668 28 2 1 1
673 3 2 1 1
674 65 5 1 0
677 3 3 5 1
677 2 1 3 1
679 21 3 3 1
680 56 4 1 1
680 4 1 1 0
685 40 3 2 0
685 66 2 5 0
686 51 2 5 1
688 66 5 4 0
692 52 4 5 0
693 32 3 5 0
693 48 1 4 0
696 28 5 3 0
699 6 3 2 0
703 38 4 1 1
703 40 4 2 0
704 64 1 1 0
705 16 4 5 0
705 45 2 1 1
705 39 1 3 0
706 41 2 3 1
707 8 1 1 1
709 49 2 4 1
711 48 4 3 0
711 7 2 3 1
712 6 4 4 0
713 57 1 4 1
715 48 4 3 0
716 33 1 1 0
716 59 2 1 1
720 53 5 3 1
721 40 4 4 0
723 21 4 1 0
724 36 1 3 1
724 49 3 4 0
725 51 3 1 0
726 11 3 1 0
727 34 5 4 0
727 7 5 1 0
728 20 1 2 1
729 50 1 2 0
730 39 3 3 0
730 57 1 1 0
731 1 4 1 1
731 48 5 5 0
731 6 1 4 1
733 21 5 5 1
735 17 2 4 0
736 31 1 4 0
737 6 5 5 0
738 56 2 3 1
741 28 5 3 1
742 66 2 3 1
742 66 5 2 0
743 66 2 2 1
744 42 5 1 0
744 43 3 4 1
744 58 4 3 1
745 33 4 2 1
746 51 4 3 1
747 46 3 1 1
747 27 2 4 0
747 47 5 4 1
751 22 4 3 0
752 46 1 3 0
755 64 3 3 0
756 52 4 3 1
756 10 1 1 1
757 14 4 1 1
758 36 3 3 0
759 30 3 1 0
759 61 3 1 0
759 36 3 3 1
763 63 1 2 0
763 4 5 2 1
764 40 5 3 0
765 56 5 3 1
766 17 2 2 0
767 33 1 3 0
769 35 1 3 1
771 52 5 4 1
773 7 4 4 0
774 15 5 1 0
776 20 2 2 0
778 9 2 4 0
779 57 3 2 0
781 15 3 1 1
782 62 2 4 0
783 14 5 3 0
783 49 1 1 0
784 26 3 1 1
786 61 4 5 0
786 67 3 5 0
787 63 4 2 0
788 19 3 3 1
791 42 3 4 1
793 47 5 5 0
794 30 4 5 1
797 65 4 1 0
797 59 4 4 0
798 51 4 2 1
799 28 3 1 1
801 8 3 3 1
801 27 2 4 1
801 36 3 5 1
802 26 5 3 0
804 49 5 4 1
806 51 5 5 0
807 27 2 2 1
807 1 4 1 0
808 16 1 5 1
809 20 5 1 0
810 31 1 2 0
810 35 3 2 0
810 67 5 2 0
812 46 1 4 1
814 45 5 5 1
815 49 1 4 0
815 57 1 2 1
816 36 3 1 0
816 20 1 5 1
818 31 3 1 0
819 59 3 2 0
822 67 1 4 1
823 48 2 3 1
825 57 1 5 1
826 7 3 1 0
826 5 2 3 0
830 61 5 4 1
831 13 3 4 0
832 66 2 1 1
833 3 2 5 0
834 61 2 5 0
834 16 1 5 1
834 48 3 4 0
835 17 2 4 0
837 9 1 2 1
838 66 2 4 0
840 29 1 3 0
843 55 1 3 0
847 20 2 4 0
848 31 2 5 1
851 13 5 2 1
853 53 2 3 1
855 7 1 1 0
855 50 4 3 1
856 16 1 1 0
857 1 5 2 1
857 42 4 5 0
858 12 4 2 0
858 6 1 3 1
860 16 2 2 1
862 6 5 3 0
864 66 3 5 0
865 39 1 3 0
868 26 5 3 0
871 62 4 4 0
872 5 5 3 1
872 37 3 4 0
872 58 3 5 1
873 44 4 4 1
874 42 3 4 1
876 12 3 5 1
877 3 2 1 1
878 16 3 4 1
878 57 1 5 0
879 29 3 4 0
880 43 2 4 0
881 25 3 5 1
882 38 5 4 1
883 62 2 5 0
886 63 1 1 1
890 40 2 1 0
892 15 4 3 1
892 17 5 3 1
894 56 5 2 0
894 58 4 4 1
896 36 1 5 1
896 7 2 5 1
896 33 2 5 1
897 59 3 1 1
897 24 1 5 1
898 32 2 4 1
900 65 2 4 1
901 15 4 5 1
902 42 2 1 0
902 17 5 3 1
905 24 5 2 1
906 55 2 2 0
906 2 5 5 1
907 55 1 1 1
909 21 5 4 0
911 37 5 2 1
911 29 1 2 0
911 66 4 2 0
914 39 4 3 0
914 50 3 4 0
915 41 1 5 1
916 6 4 3 1
917 66 2 3 0
918 27 2 5 1
918 33 2 1 1
920 54 3 1 0
920 26 3 4 1
922 65 1 3 1
928 26 3 1 1
930 29 4 4 1
930 3 3 4 1
934 52 3 1 1
935 16 3 2 0
936 27 4 4 1
936 58 1 1 1
938 17 3 2 0
939 18 5 4 0
939 40 1 2 0
947 60 1 3 0
950 44 2 5 0
951 56 1 1 0
951 29 2 3 1
953 8 1 4 1
953 13 4 4 1
953 36 2 4 1
953 43 2 5 1
955 15 5 2 1
955 55 1 5 1
955 28 3 1 1
958 36 2 5 1
959 33 1 4 1
960 17 2 4 1
961 13 2 2 0
963 10 5 5 1
965 64 5 2 1
968 15 2 5 1
969 11 2 3 1
970 49 2 2 0
976 59 4 1 0
976 33 5 4 1
977 13 1 4 1
977 51 2 1 1
977 38 5 3 0
977 64 2 1 0
979 10 5 3 0
980 20 4 4 0
980 64 1 4 0
980 62 1 5 0
982 52 4 2 0
982 2 3 2 0
983 49 4 5 1
987 26 4 5 1
990 22 3 2 0
993 7 4 3 0
993 3 3 4 1
994 38 2 1 1
995 36 2 5 1
996 5 3 2 1
998 5 5 4 0
1000 16 4 2 0
1000 61 1 2 1
