5
9 51
1 4 3 5 0
2 2 3 2 1
8 9 4 2 0
9 7 1 1 1
11 3 1 2 0
11 9 4 4 1
11 7 5 4 1
12 8 3 2 0
13 6 3 1 1
20 7 5 2 0
21 5 2 3 0
22 1 3 2 1
24 3 3 3 0
24 4 4 1 1
25 9 5 5 0
31 8 1 1 0
32 9 2 4 1
34 6 1 2 1
35 2 2 3 0
35 5 3 3 1
35 1 2 3 0
38 4 3 2 1
39 2 3 5 1
42 4 5 5 1
43 3 2 4 0
44 9 2 4 1
45 2 2 4 1
46 1 1 4 0
47 9 5 1 0
47 9 5 4 1
48 1 1 5 0
48 8 2 4 1
49 9 4 4 0
54 7 2 4 1
55 1 1 4 1
57 5 3 2 0
60 4 1 5 1
65 2 4 2 1
66 7 2 5 1
75 6 4 5 0
77 7 4 5 0
77 4 2 2 1
78 4 1 5 0
87 3 5 1 0
89 9 1 5 1
91 4 2 2 0
92 3 3 1 1
92 1 4 3 1
93 3 4 3 0
95 1 1 5 0
98 9 3 5 0
10 50
4 7 1 4 0
5 3 1 3 1
9 4 1 2 1
11 5 5 3 0
11 6 1 4 1
15 4 2 1 1
16 3 5 1 0
19 2 3 5 1
24 1 3 1 1
25 3 2 4 0
28 3 4 4 0
29 5 3 2 0
30 6 3 5 1
31 1 5 4 0
31 10 2 5 0
34 6 5 1 0
36 9 5 3 1
38 1 1 2 0
40 7 5 5 1
40 9 5 5 1
42 6 4 1 0
47 3 2 5 0
55 1 2 4 0
58 5 5 4 1
59 8 2 1 0
59 1 1 1 0
60 4 3 5 1
64 6 4 2 0
65 8 5 1 1
65 8 1 5 0
66 2 5 5 1
67 9 1 5 1
67 2 3 1 1
68 8 1 4 0
71 8 4 1 0
74 5 5 1 0
74 2 1 4 1
77 6 3 1 1
79 8 5 2 0
81 4 2 2 1
83 2 3 5 0
85 6 4 4 0
88 7 3 5 0
89 6 3 3 1
91 2 4 2 0
91 10 1 4 0
95 10 1 5 1
99 4 1 1 1
99 7 5 4 1
100 10 4 4 0
6 69
1 4 5 2 1
2 5 1 1 1
3 1 2 5 1
4 4 4 1 1
4 3 2 4 1
5 4 1 2 0
5 4 5 5 1
6 4 4 5 0
9 5 4 1 1
11 2 5 1 1
11 3 2 5 1
11 6 4 4 0
13 6 2 3 0
15 1 3 4 0
19 4 4 1 1
19 6 3 3 0
20 3 4 4 1
20 4 5 5 0
21 4 1 5 1
22 6 2 3 1
22 5 4 2 1
24 4 2 4 1
24 2 5 3 0
25 5 2 3 1
25 1 1 4 0
27 2 2 5 1
28 2 2 1 0
32 5 4 4 0
33 1 2 5 1
34 4 3 4 1
36 4 3 1 0
37 4 5 2 0
38 1 4 2 0
38 3 2 4 0
38 1 4 2 1
38 5 5 5 1
42 4 5 1 1
45 3 2 5 0
47 2 2 2 0
48 1 3 3 0
51 5 1 5 1
56 4 5 2 1
56 5 1 3 1
58 5 3 4 1
59 2 5 5 1
59 1 3 5 0
67 3 1 4 0
67 2 5 3 1
67 6 3 3 0
68 3 4 4 0
68 6 5 1 1
69 1 2 3 1
70 2 3 2 0
73 6 2 3 1
75 3 3 1 1
76 4 3 5 0
77 2 1 4 0
77 2 2 3 1
77 6 4 4 1
77 4 2 2 1
78 4 3 4 0
79 3 4 1 1
82 5 1 5 1
83 4 1 3 0
83 4 5 2 1
83 6 1 2 1
88 5 4 3 0
89 6 4 3 0
98 3 1 3 0
6 85
4 1 5 5 0
4 3 3 3 1
5 3 4 5 0
5 6 2 2 1
6 4 5 1 0
7 2 2 4 1
8 4 2 4 1
11 2 2 4 0
12 2 5 2 1
15 5 4 4 1
16 6 4 3 0
16 1 4 4 1
19 6 5 3 0
20 2 1 3 1
22 2 2 2 1
29 5 2 4 1
30 6 3 3 1
30 3 3 1 0
30 5 4 4 1
30 3 4 5 0
31 2 3 4 0
32 3 4 5 1
34 3 3 1 0
35 3 3 4 1
39 3 2 1 1
40 6 5 1 0
40 6 4 2 1
41 5 3 5 0
41 4 2 3 0
42 6 5 4 0
43 3 3 4 0
44 4 4 2 0
46 2 5 3 0
48 1 3 3 1
53 3 2 3 0
54 2 4 2 0
54 5 4 5 0
56 3 2 1 1
57 1 3 3 1
57 1 1 3 0
59 6 5 1 0
60 5 3 2 0
61 2 3 1 0
62 4 2 5 1
63 5 3 5 0
66 3 5 1 0
67 5 2 1 0
67 1 5 5 1
68 6 3 5 1
68 2 4 4 1
69 4 5 1 0
70 6 4 1 0
70 5 2 3 0
73 1 3 4 1
73 3 4 1 1
74 3 2 5 0
75 3 5 1 0
76 5 5 2 0
77 3 3 1 0
77 1 3 4 1
80 1 2 5 1
80 6 5 2 1
80 4 3 4 0
81 3 2 1 0
81 2 2 4 0
81 3 5 3 0
82 3 3 5 1
82 4 1 5 1
83 2 3 4 1
87 5 3 1 1
88 6 4 3 1
89 4 3 1 0
90 5 5 3 0
91 3 2 1 0
91 4 5 1 1
92 1 3 1 1
92 4 3 4 0
93 5 3 3 1
93 5 2 1 1
93 2 4 1 1
96 4 4 1 0
96 5 4 2 1
98 1 4 2 0
99 4 2 5 0
99 1 3 1 0
6 86
4 6 3 4 1
4 6 5 3 1
4 3 5 3 0
5 3 4 1 1
6 6 1 2 0
9 3 3 5 1
9 4 1 5 0
9 4 2 1 1
10 1 4 3 0
12 6 2 3 1
12 6 3 2 1
12 4 4 1 0
14 2 4 3 1
14 1 1 5 0
16 3 5 2 1
17 2 4 2 0
19 5 2 4 1
19 5 1 5 1
20 4 5 4 1
21 4 4 5 1
23 5 1 5 0
24 3 4 1 0
26 2 4 2 0
26 3 2 3 1
29 4 2 2 1
30 4 4 1 1
30 2 2 4 1
31 5 1 1 1
31 2 1 4 0
33 2 3 5 0
33 2 4 2 1
33 4 5 4 0
34 1 3 1 1
34 4 2 2 1
35 1 5 3 0
35 3 2 3 0
38 1 4 3 1
39 2 2 4 1
39 2 4 3 0
40 2 4 3 1
42 1 5 5 0
42 1 4 5 0
43 1 5 4 0
45 1 5 3 0
46 6 4 2 0
47 1 2 5 0
48 1 5 1 0
48 1 4 2 0
49 6 3 4 1
50 1 2 1 0
51 1 1 3 0
53 6 3 2 0
57 2 1 1 1
58 4 4 2 0
58 2 5 2 1
59 2 3 5 1
61 5 3 3 1
63 6 1 2 1
64 4 5 4 1
65 3 4 2 1
66 3 2 3 0
67 2 3 2 0
68 2 5 5 0
69 5 5 4 1
70 3 4 1 0
74 6 2 5 0
75 1 5 5 1
75 1 2 5 1
79 4 5 2 1
80 6 2 5 0
80 4 5 2 0
83 4 4 1 0
85 4 1 2 0
85 4 5 1 1
85 6 4 4 0
86 3 1 4 0
86 4 4 4 1
88 2 4 2 1
89 6 4 5 1
91 3 4 1 1
92 1 5 2 1
94 6 5 2 1
94 4 3 4 0
95 2 1 4 0
95 4 1 3 0
98 2 1 5 0
