5
9 50
1 9 1 2 1
1 9 3 4 0
3 7 2 2 0
3 2 4 5 0
3 9 2 3 0
4 9 1 1 1
5 9 3 1 0
5 5 5 3 1
6 3 5 1 1
6 7 5 4 1
7 3 4 2 0
9 7 1 1 1
13 5 2 3 0
14 2 4 1 0
18 8 2 5 0
21 1 2 3 1
22 5 4 4 1
28 8 4 1 1
28 5 5 3 0
31 5 3 4 1
32 8 5 5 0
33 7 5 1 1
35 9 5 5 0
39 7 2 3 0
42 8 5 1 1
44 8 1 3 0
45 8 4 1 0
45 2 3 3 1
50 1 2 5 0
50 1 1 3 1
51 4 4 3 1
52 8 5 5 1
53 9 1 4 0
55 4 4 2 1
55 2 4 5 1
57 3 2 3 0
60 9 2 3 0
63 1 5 1 1
64 1 2 4 1
64 4 3 3 1
65 7 4 1 0
68 5 2 4 1
72 4 5 5 0
75 2 4 4 0
80 9 2 2 0
83 3 3 2 1
83 5 2 5 1
84 8 3 3 0
93 7 3 1 1
99 5 3 5 1
10 63
1 5 1 1 0
1 10 1 4 0
2 9 1 2 0
4 2 2 2 1
7 6 5 3 0
8 6 5 5 1
8 2 3 1 0
9 7 3 3 1
11 10 5 4 0
12 9 2 3 1
12 3 3 2 0
17 6 5 2 0
18 4 1 2 0
19 8 1 5 0
20 9 4 1 1
22 10 2 3 0
24 4 3 5 1
24 1 3 3 0
24 2 4 1 0
29 6 1 2 1
31 8 3 1 1
31 1 3 3 1
32 10 4 1 0
32 7 5 1 1
37 6 3 5 1
38 7 1 2 1
38 9 3 3 0
41 6 5 1 0
41 3 1 1 1
42 6 5 5 1
45 2 5 4 1
49 7 2 2 1
49 4 1 3 1
51 10 4 3 1
52 5 5 3 1
55 4 4 1 0
56 2 4 2 0
57 10 1 3 1
58 9 1 2 0
58 5 3 4 0
59 1 4 5 0
60 6 3 4 1
63 1 1 4 0
65 3 2 5 0
68 1 5 4 1
69 5 1 3 1
69 6 4 2 0
70 4 1 3 1
70 10 1 3 1
70 10 3 3 0
70 5 1 5 1
76 4 3 4 1
77 9 3 1 1
87 1 1 2 1
89 8 5 1 1
90 6 2 5 0
90 1 4 1 0
92 4 2 5 1
93 8 1 3 0
93 1 3 3 1
94 10 1 2 1
98 9 2 1 0
98 10 1 4 0
8 80
2 5 5 3 1
2 5 3 3 0
2 6 4 2 1
3 8 5 4 0
5 3 5 2 1
5 8 5 5 1
6 7 2 4 1
6 6 3 1 1
7 8 3 3 1
7 2 4 5 1
9 2 3 2 0
15 8 3 3 1
17 5 3 3 1
21 3 5 3 0
27 1 3 3 1
28 2 5 5 1
28 2 1 4 1
28 7 2 5 1
29 2 4 2 1
30 1 3 4 0
31 3 2 1 0
33 3 3 4 0
33 3 5 1 1
34 6 1 4 0
37 1 2 2 0
40 8 4 1 1
40 6 1 3 0
41 7 3 2 0
42 2 4 3 0
42 4 5 1 1
43 2 2 1 0
43 1 1 2 0
44 1 4 3 1
46 7 4 4 0
46 7 5 3 1
48 6 4 2 1
48 3 1 2 1
50 8 2 3 0
54 8 4 2 1
56 5 3 3 1
57 3 1 3 1
58 7 1 3 1
59 5 2 1 1
59 8 2 1 1
59 4 2 4 1
60 4 3 4 1
60 4 3 2 1
61 6 5 4 0
61 2 2 3 0
62 3 5 2 1
62 6 1 4 0
62 4 4 4 0
65 3 5 5 0
66 5 2 5 1
66 7 4 1 1
66 3 4 3 1
69 6 3 1 0
70 7 1 2 1
77 6 3 2 1
77 3 1 4 1
77 1 5 5 0
82 3 2 2 0
84 8 1 4 0
85 1 3 5 1
85 2 4 4 1
86 1 5 2 0
87 2 1 5 0
88 4 1 3 1
89 3 1 2 0
90 1 1 1 1
90 2 2 3 0
91 3 4 1 0
91 7 3 4 1
92 5 1 1 0
92 8 4 4 1
94 3 5 3 0
96 4 2 2 1
98 5 2 5 1
100 4 4 3 0
100 7 3 1 1
9 100
2 2 1 5 1
3 3 5 5 0
3 8 2 1 1
6 4 4 4 1
6 5 3 5 0
10 5 1 1 0
12 5 4 1 1
13 6 1 3 1
13 9 5 4 0
15 2 3 2 1
15 5 4 5 1
16 6 1 4 0
17 7 2 1 0
17 7 2 4 0
18 2 3 1 0
19 1 4 3 0
21 9 1 2 0
22 3 2 3 0
22 2 4 2 1
23 7 4 3 0
24 5 4 1 1
24 1 4 5 0
24 5 3 2 0
25 4 4 3 0
25 4 2 2 0
27 1 5 3 0
28 7 3 5 1
29 6 5 2 1
30 1 5 5 0
32 8 5 3 0
32 4 3 4 1
34 5 2 2 0
34 1 1 1 0
35 1 4 3 1
35 4 5 2 0
36 3 5 4 0
37 4 4 1 0
38 8 1 1 0
38 3 1 3 0
40 5 1 1 0
44 3 2 2 0
45 3 2 1 1
48 8 1 1 1
49 2 4 4 0
49 5 5 2 0
51 7 3 4 0
52 8 4 4 0
52 4 3 2 1
53 6 4 2 1
53 8 5 4 1
54 3 3 4 1
55 1 4 3 0
58 3 5 4 0
59 5 1 1 0
60 6 2 4 1
60 8 4 2 1
60 8 1 3 0
64 8 4 3 0
65 9 2 2 1
66 3 4 4 1
66 8 1 4 1
67 2 3 1 1
68 2 1 2 0
70 6 4 4 1
72 7 1 2 0
73 4 4 1 1
75 5 5 2 1
76 6 2 3 1
76 5 1 1 0
77 8 4 3 1
78 6 4 5 0
78 5 5 2 0
78 8 2 1 1
79 1 1 4 0
81 4 3 5 0
82 9 5 4 1
83 3 5 4 1
83 4 3 2 0
83 2 4 1 1
83 2 4 4 0
85 9 1 4 0
86 1 2 1 0
86 8 2 3 1
87 5 3 2 1
89 6 2 5 1
89 6 2 2 0
89 3 2 4 0
90 9 3 5 0
92 2 3 5 0
92 4 3 5 1
93 3 3 4 0
95 9 4 5 1
96 3 4 3 1
97 3 5 1 1
98 1 1 3 1
99 5 3 2 0
99 7 4 1 0
99 5 5 3 0
100 5 3 4 0
100 5 2 2 0
9 71
1 8 2 4 0
1 7 1 5 1
1 4 2 3 0
3 2 2 4 0
3 1 1 3 1
5 4 3 4 0
9 5 2 3 0
11 8 5 3 1
11 8 5 4 0
12 2 4 3 1
15 9 4 5 0
15 5 4 1 1
20 4 4 2 1
20 6 3 5 1
23 4 4 3 1
24 8 4 2 0
25 6 1 1 0
25 6 2 1 0
26 2 4 1 1
29 1 1 1 0
30 4 2 1 0
30 4 4 3 1
31 6 5 5 1
33 4 1 3 1
35 2 5 3 0
35 4 5 3 0
35 1 1 1 1
40 5 5 4 0
41 6 1 2 0
43 3 1 1 0
44 2 1 4 0
45 2 3 5 0
47 2 5 1 0
49 6 3 4 0
50 1 3 5 0
51 9 3 4 0
51 9 3 2 1
53 2 2 5 1
55 7 1 5 1
57 5 3 2 1
57 7 4 3 1
57 5 1 4 0
57 5 4 2 0
58 6 3 5 1
59 2 1 4 0
60 5 5 3 0
60 1 1 1 0
62 2 5 1 1
64 8 5 2 0
65 2 4 5 1
66 1 5 5 1
67 8 1 2 1
69 3 3 3 0
69 2 1 4 0
70 1 5 2 1
70 7 2 2 1
71 2 1 2 1
73 3 4 2 0
74 9 5 2 0
74 9 1 5 1
78 4 2 1 1
80 2 4 5 0
82 7 1 3 1
83 9 2 5 1
84 5 2 4 1
92 4 5 3 0
93 3 2 2 0
94 5 5 4 1
96 8 3 2 1
99 6 5 3 1
100 5 4 5 1
