5
5 77
3 3 1 1 0
4 5 3 3 0
5 4 1 5 0
7 4 5 2 1
10 5 4 5 0
10 3 4 1 0
11 2 5 4 0
11 1 1 1 0
11 5 1 2 0
13 4 1 2 0
13 2 4 2 0
15 2 4 5 0
18 2 3 3 0
19 2 2 4 1
19 1 1 4 1
26 2 4 2 1
27 2 3 3 0
30 5 3 1 1
30 5 4 4 0
31 5 5 3 0
32 1 4 1 1
33 1 2 4 1
35 1 5 4 0
38 1 2 4 0
40 1 3 2 1
42 2 2 3 1
42 4 2 4 1
43 1 2 4 0
44 2 1 2 0
45 1 4 5 1
47 5 5 3 0
49 2 3 3 0
50 4 5 1 1
54 3 3 3 1
54 5 1 3 0
57 4 3 1 0
58 2 5 3 0
60 5 3 4 1
60 3 2 3 1
60 1 2 1 0
61 5 5 4 0
61 1 4 2 0
62 2 1 4 1
62 3 2 4 0
64 5 5 1 1
65 4 1 2 1
66 5 4 3 0
67 3 5 5 1
67 2 4 3 1
67 2 2 5 1
68 3 3 4 0
69 5 1 5 1
70 3 4 5 1
71 4 1 2 0
73 3 4 2 1
73 3 2 4 1
76 4 3 5 1
76 3 5 4 1
78 1 3 2 1
79 5 5 1 1
80 5 5 5 0
82 2 4 1 0
84 1 1 2 1
86 1 3 3 0
87 2 4 3 1
88 4 3 3 1
90 1 5 3 1
91 3 2 1 1
92 5 3 2 0
92 3 1 5 0
95 2 5 3 0
97 4 3 5 0
97 2 1 2 0
97 5 2 3 0
97 4 4 1 0
98 2 4 5 0
98 5 1 2 1
5 68
1 1 4 5 0
1 2 1 3 0
1 4 1 3 0
5 5 3 5 0
8 5 5 2 1
9 3 3 5 0
13 2 2 5 1
16 5 3 2 1
18 3 1 2 1
18 1 5 1 0
18 2 2 1 1
18 5 3 2 1
19 2 5 3 0
19 3 5 1 0
26 4 5 3 0
26 1 2 4 0
27 1 2 4 0
28 1 2 5 1
29 2 1 4 1
30 4 1 5 1
30 4 5 2 0
30 3 1 5 1
31 2 2 4 0
33 2 4 1 0
36 1 3 1 1
37 5 3 5 0
39 4 3 5 0
39 4 5 2 0
40 4 5 2 1
40 2 1 1 1
40 5 2 4 0
42 4 4 5 1
42 4 5 1 1
42 4 1 5 0
45 2 4 3 0
47 5 5 1 1
48 2 4 4 0
49 3 4 5 1
49 3 2 5 1
49 5 5 2 1
50 1 3 2 0
51 2 2 1 1
54 4 3 3 0
54 2 5 2 1
58 1 2 3 0
61 3 1 2 1
66 5 4 5 0
70 1 1 2 1
73 4 1 2 0
75 3 3 4 1
77 3 2 1 0
81 5 4 1 1
82 5 4 1 0
83 3 2 3 0
85 1 5 4 1
85 4 1 3 1
87 1 5 3 0
89 1 1 3 0
90 5 5 4 1
90 1 2 2 1
91 3 1 3 1
94 5 3 5 1
94 5 2 1 0
96 3 4 3 1
99 2 3 1 1
99 5 2 2 1
100 1 2 5 1
100 4 2 4 0
6 59
3 1 5 4 1
4 4 5 5 0
6 6 1 2 1
7 1 5 4 1
7 3 1 5 0
8 4 2 4 1
11 2 5 2 0
11 3 4 3 0
11 2 5 3 0
13 4 5 5 0
15 6 4 1 1
15 6 1 3 0
19 3 2 2 0
21 2 2 3 0
25 3 5 5 1
29 5 2 5 1
33 2 5 4 1
33 3 5 2 0
34 2 2 4 1
34 3 4 2 1
35 2 4 3 1
35 5 5 4 0
36 3 3 5 0
38 6 3 5 1
38 5 1 2 0
40 6 2 5 1
43 5 2 2 0
43 6 2 2 1
45 1 1 2 0
47 5 2 2 1
49 6 3 4 0
50 4 2 3 1
52 6 5 2 0
54 5 3 2 1
61 5 5 3 0
61 3 3 3 1
62 6 4 2 1
64 5 1 1 1
66 2 3 1 0
66 5 1 2 0
72 6 2 3 0
76 6 1 5 1
79 3 1 2 1
80 3 1 4 0
80 5 3 5 1
85 6 1 5 0
87 5 1 3 1
89 2 2 2 0
90 6 3 5 0
91 3 2 4 0
92 3 2 4 1
92 2 4 1 1
94 5 4 4 0
94 4 1 2 0
95 6 1 1 0
97 1 2 2 0
99 4 5 5 1
100 5 5 2 1
100 4 2 1 1
7 79
2 5 3 1 1
3 3 2 2 0
4 5 4 5 1
4 7 3 2 0
6 3 5 4 0
8 4 4 5 1
9 2 5 4 0
12 1 2 2 0
13 4 5 4 1
13 2 5 4 0
14 5 3 2 0
15 5 3 2 0
16 3 5 3 0
18 2 2 2 0
19 4 5 4 1
20 2 4 1 1
21 4 1 2 0
24 3 2 4 0
26 6 2 5 1
26 5 2 4 0
26 5 5 4 1
26 4 2 4 0
28 6 3 5 0
30 4 4 4 1
31 4 1 4 0
35 6 5 4 1
36 3 2 4 0
36 5 3 1 1
40 1 4 5 0
42 2 3 1 0
42 1 4 5 1
45 2 4 3 1
45 7 2 3 1
47 7 3 2 1
49 7 4 1 1
49 1 5 4 1
49 3 5 1 0
51 4 1 1 1
52 1 2 4 1
52 6 3 4 0
54 1 3 1 0
54 2 4 1 0
56 1 2 3 1
57 4 2 4 1
59 1 3 1 0
61 3 2 2 0
62 1 1 4 0
63 2 4 1 1
64 3 3 1 1
67 3 4 5 1
68 4 2 5 1
69 4 5 2 0
69 5 5 5 0
70 1 4 1 0
71 2 1 4 1
71 2 5 5 0
72 1 5 4 0
74 5 3 1 1
75 3 4 2 0
75 1 1 2 1
76 3 4 2 0
79 7 1 1 1
82 3 4 5 1
83 7 3 2 1
83 6 5 2 0
85 2 5 3 0
86 1 2 3 1
87 3 3 2 0
87 7 5 5 0
87 7 4 5 0
89 2 3 3 0
90 7 2 2 0
91 1 3 3 0
93 3 4 3 1
94 6 1 2 0
95 3 2 5 1
97 1 3 3 0
99 1 1 5 0
100 3 3 1 0
9 52
1 2 1 3 0
2 9 1 4 1
6 1 1 3 1
8 9 3 2 0
9 5 4 5 1
11 9 5 2 0
13 6 5 3 1
19 5 5 1 1
24 5 1 5 0
25 7 2 4 1
32 7 2 1 0
32 4 4 5 1
34 7 4 1 1
35 5 2 2 0
35 7 5 1 1
35 5 3 2 0
36 4 5 2 0
42 3 1 3 0
44 8 5 3 1
45 7 2 5 0
47 2 4 4 1
48 9 1 2 0
49 1 2 3 0
54 3 3 2 0
56 1 3 3 0
57 7 5 4 0
57 1 2 4 0
62 5 3 3 1
65 8 2 3 0
65 8 1 5 0
65 6 4 5 1
66 5 3 5 0
66 6 2 3 1
71 9 5 4 1
73 9 1 2 0
76 6 2 3 1
77 2 1 2 1
79 2 3 5 1
79 9 1 1 1
82 2 2 5 1
82 9 1 2 1
83 9 3 5 1
83 4 4 3 1
84 6 2 1 1
87 1 5 2 0
88 7 1 4 1
88 9 4 2 1
90 9 1 3 0
90 1 1 2 1
90 4 2 2 0
93 4 3 5 0
93 6 5 4 1
