5
9 72
2 5 5 2 0
4 7 1 4 1
5 4 3 3 1
9 2 5 1 1
11 8 5 3 0
12 2 4 5 0
14 1 2 2 1
21 7 1 3 0
22 9 1 3 0
22 1 1 2 0
22 7 1 3 1
23 7 5 5 0
28 5 5 2 0
30 1 2 3 1
30 7 5 4 0
31 6 4 3 1
31 9 1 1 1
32 9 1 4 1
33 9 2 4 1
33 1 4 4 0
35 1 5 2 1
36 6 1 5 1
37 7 5 5 0
38 3 5 3 1
38 2 2 4 0
40 4 2 5 1
40 2 5 5 0
43 1 3 1 1
44 5 1 4 0
48 8 4 4 0
49 2 4 4 1
49 8 3 2 1
50 8 3 4 1
50 8 3 2 1
50 2 1 4 1
50 4 1 4 0
52 6 3 2 1
53 5 4 2 0
53 5 1 5 1
53 2 4 1 0
54 2 4 1 0
56 6 2 1 1
58 6 4 2 1
60 3 1 4 0
60 4 1 3 0
62 6 4 4 1
63 8 4 5 0
64 2 2 4 0
64 6 5 1 0
64 3 5 2 0
67 4 2 4 0
67 3 2 2 1
67 7 2 1 0
68 7 4 2 0
72 7 1 1 0
73 1 3 5 1
73 5 1 1 0
74 1 3 4 1
75 3 5 1 1
75 3 5 4 1
76 4 5 4 0
77 9 1 2 1
78 8 2 3 0
78 2 1 3 0
78 2 1 5 0
79 2 5 5 1
79 7 2 3 1
88 2 4 1 1
88 5 4 1 0
90 8 3 2 0
92 7 4 3 1
98 1 5 5 1
5 57
1 1 4 1 1
7 2 2 3 0
7 2 3 3 1
8 4 5 4 0
17 3 2 4 0
18 2 1 5 0
19 3 3 3 0
25 3 3 4 1
26 3 3 3 0
26 5 4 1 0
30 4 4 5 1
32 1 4 5 1
33 4 2 4 0
33 1 3 3 0
34 2 3 5 0
34 4 5 5 0
34 1 4 2 1
35 2 3 2 0
38 2 3 4 1
39 5 5 3 0
42 1 4 3 1
42 4 1 4 0
43 1 2 2 1
46 3 1 3 0
46 4 2 3 0
48 4 4 4 1
49 4 1 1 0
50 2 3 3 0
51 2 3 4 1
52 2 4 2 1
53 4 3 3 1
54 1 4 2 1
55 5 2 5 0
57 4 3 2 1
57 5 3 4 0
61 1 5 4 1
62 2 3 1 0
63 1 3 1 0
67 4 1 2 0
67 4 4 3 1
70 1 4 3 1
71 4 3 5 0
71 5 1 4 1
71 5 2 4 0
72 1 5 5 0
73 4 5 4 0
76 3 4 4 0
77 2 2 3 1
78 1 2 5 0
79 4 1 4 0
83 3 4 2 1
85 3 2 5 0
89 5 4 5 1
91 5 3 2 0
97 3 3 4 0
99 2 3 5 1
100 1 5 4 1
6 77
3 3 1 2 0
5 4 2 4 0
8 5 4 4 0
11 5 4 2 0
11 6 1 1 1
11 1 2 2 0
13 2 3 5 1
14 4 2 5 1
14 5 1 4 1
15 5 1 3 1
17 1 3 4 0
18 3 5 3 1
19 6 3 5 1
20 6 2 3 1
21 6 5 1 1
21 4 5 3 0
24 6 5 4 0
28 6 2 3 0
28 2 3 3 1
28 4 4 2 0
28 1 5 5 1
29 1 5 5 1
30 4 1 5 0
30 4 2 2 0
30 4 4 1 0
31 6 2 4 0
32 3 2 2 0
32 1 1 1 1
32 5 4 4 0
33 4 3 3 0
37 5 5 5 1
37 5 1 4 0
39 1 4 2 1
40 4 1 2 1
43 4 3 3 0
43 6 2 5 0
43 1 4 2 1
44 2 2 4 1
45 1 2 3 0
45 5 5 3 1
46 3 4 3 1
46 4 4 5 0
46 5 1 2 1
50 5 4 1 1
51 2 5 1 1
55 6 5 3 1
56 1 3 5 0
58 3 3 5 1
59 1 4 4 1
59 1 5 1 0
60 1 3 1 0
64 4 3 4 1
66 1 3 3 0
66 3 4 3 1
67 4 1 3 0
67 5 1 5 1
69 5 5 5 0
70 6 3 1 0
72 4 2 4 0
74 4 3 2 1
78 3 4 3 1
78 3 3 1 1
78 5 5 1 0
78 4 3 1 0
79 2 4 2 0
80 5 3 3 1
85 4 3 2 1
86 2 1 1 0
87 3 4 4 1
88 3 3 1 1
89 6 2 5 1
91 6 2 4 1
93 4 4 1 1
93 3 1 4 1
95 3 5 5 0
99 3 5 3 1
99 2 5 2 0
10 57
1 1 2 3 0
4 5 1 3 0
9 5 1 1 1
10 1 3 2 0
10 10 5 1 0
14 10 5 5 1
15 9 3 1 0
18 9 4 4 0
19 10 4 3 0
20 6 3 1 1
23 1 4 1 0
24 1 5 1 1
27 6 3 4 0
28 9 4 1 1
28 9 5 2 1
30 3 3 5 0
30 10 5 1 1
30 9 4 1 0
31 9 3 2 0
32 2 3 1 0
33 8 1 3 1
38 9 3 1 0
41 9 4 3 1
42 10 5 2 0
42 10 1 1 1
42 7 2 1 1
44 7 5 1 0
45 4 1 5 1
47 6 4 5 1
47 10 4 1 0
49 4 3 3 1
51 6 1 1 1
54 1 4 4 0
55 5 4 1 1
56 4 5 5 0
56 1 5 5 0
60 1 5 5 0
61 3 5 2 0
62 1 5 3 1
62 9 1 1 0
63 4 5 2 0
64 6 2 5 1
69 7 4 3 1
72 9 4 3 1
77 7 4 3 1
78 5 1 4 1
79 7 2 2 1
81 6 1 4 1
83 10 3 3 0
91 5 3 2 1
94 3 1 2 1
94 2 3 4 1
94 6 1 4 0
97 1 3 1 1
97 10 1 2 0
100 3 4 3 1
100 5 1 2 1
5 71
1 4 4 4 0
2 1 1 2 0
3 2 3 4 0
4 5 3 2 0
5 2 2 2 1
8 5 2 2 0
15 4 1 3 0
20 2 1 5 0
20 5 1 4 1
21 2 2 2 1
21 5 1 1 1
22 5 5 2 0
29 4 3 2 0
29 2 5 1 0
30 1 3 1 1
31 3 5 5 1
31 4 2 1 0
36 1 5 5 1
37 3 5 4 1
38 2 1 2 1
40 1 4 2 1
41 3 2 1 1
41 1 4 3 1
42 4 3 1 1
43 2 4 1 1
44 3 5 1 1
45 3 2 4 1
46 5 5 2 0
48 3 4 4 1
52 3 3 2 1
54 3 4 1 1
55 5 4 2 0
55 3 5 3 1
56 3 5 1 1
57 4 1 1 0
58 5 2 3 0
59 2 5 4 0
59 3 1 3 1
65 3 2 4 1
65 1 5 3 1
67 4 2 5 1
67 4 4 4 1
68 2 5 2 0
68 2 5 2 0
68 2 5 4 0
70 5 5 3 0
70 1 2 5 0
71 2 2 2 1
72 1 5 5 1
73 4 1 1 0
77 5 1 2 1
77 4 4 3 1
77 1 4 3 1
78 1 3 4 0
84 3 1 3 1
85 3 2 2 1
85 1 4 1 1
86 1 2 2 0
87 5 2 2 1
89 4 1 4 0
90 1 1 1 0
91 4 4 5 0
91 4 1 3 1
93 4 4 5 0
95 4 5 3 1
95 5 1 4 1
95 1 3 2 0
97 2 2 5 1
98 5 4 3 1
98 5 1 1 1
99 1 1 4 0
