5
5 83
1 3 3 1 1
1 2 2 2 0
2 3 4 4 0
3 4 2 3 1
3 5 4 5 1
7 3 3 5 0
7 1 2 5 0
10 1 2 4 0
10 2 1 2 1
10 2 1 2 0
12 3 3 4 0
14 5 1 2 1
17 3 1 2 1
17 1 1 3 0
17 4 3 3 1
18 3 4 3 1
19 1 5 4 0
19 1 3 3 1
21 5 2 2 1
22 5 4 4 0
22 3 4 5 1
26 1 1 4 1
27 2 2 5 1
28 2 4 4 0
29 4 3 5 1
29 1 2 1 0
30 4 3 2 0
30 1 2 4 0
30 1 3 5 0
33 4 1 5 1
34 4 3 1 0
35 4 5 1 1
35 2 1 4 0
36 1 3 5 0
38 1 3 4 1
39 5 1 5 1
40 5 2 4 1
40 3 5 3 1
41 2 2 1 0
45 4 4 1 0
47 1 4 2 0
48 1 2 2 0
48 2 3 5 1
48 3 3 4 1
50 1 2 1 1
51 2 4 2 1
54 2 1 3 1
54 5 3 3 0
54 5 4 1 1
55 2 5 4 0
55 3 2 3 1
56 3 1 5 1
57 5 3 2 1
58 3 1 5 0
58 5 4 2 1
61 3 5 2 1
62 3 3 3 0
62 3 4 3 1
62 3 2 5 0
64 2 2 3 1
67 4 3 2 1
67 4 5 1 0
68 2 4 3 1
70 2 4 3 0
71 5 4 2 0
71 1 2 2 0
72 5 1 4 0
73 5 3 2 0
76 1 5 5 0
78 3 1 3 0
79 3 5 5 1
80 1 3 2 0
81 1 5 4 1
82 4 5 2 1
83 1 4 4 1
86 3 4 3 0
87 5 1 4 1
93 3 5 4 1
95 2 4 4 0
95 4 4 3 0
96 2 3 3 1
98 1 4 2 1
98 4 4 3 1
8 67
2 6 2 1 0
5 4 5 4 0
6 8 5 4 0
13 3 3 4 0
14 7 3 1 0
14 3 1 5 0
15 1 5 2 0
16 2 3 4 0
17 8 2 2 0
18 7 3 2 1
19 3 3 5 0
20 8 3 4 1
20 4 1 3 0
23 4 5 5 0
25 2 3 5 1
25 2 3 3 0
28 2 1 1 0
33 7 1 2 0
39 4 2 4 0
40 7 4 4 1
41 5 5 3 1
42 3 5 5 1
42 5 5 1 0
44 6 5 1 1
45 1 2 5 0
46 1 1 4 0
49 2 1 3 0
49 7 2 2 1
49 6 4 3 0
50 7 1 3 0
55 1 4 5 1
56 5 2 5 0
56 4 1 4 0
56 4 3 5 1
57 2 1 2 0
57 5 1 2 1
58 1 5 5 1
58 1 4 2 0
60 5 2 4 0
62 4 4 4 0
62 5 4 2 1
63 1 5 5 0
64 5 1 2 0
64 3 1 3 0
66 7 3 2 0
66 1 2 2 1
68 2 4 4 0
72 8 2 1 1
74 4 2 5 0
75 3 1 1 0
77 2 3 3 1
78 7 3 5 0
82 5 1 1 1
83 8 1 3 1
83 7 1 4 1
83 8 3 4 1
84 3 2 5 1
85 7 5 4 1
91 4 2 5 0
92 4 2 3 1
92 6 3 4 0
94 2 1 4 0
99 2 2 1 0
100 4 2 3 0
100 7 1 3 1
100 5 1 2 0
100 7 5 1 1
6 90
5 4 2 2 0
7 1 5 3 1
9 2 3 3 1
10 6 2 1 0
10 6 5 3 0
11 4 2 2 1
11 5 4 1 0
11 3 4 5 1
12 6 1 2 1
13 2 3 3 1
13 4 3 3 0
15 6 3 1 1
15 5 2 3 1
16 5 3 1 0
16 5 1 2 1
18 3 3 5 1
19 2 3 4 0
20 5 5 1 0
21 5 3 2 1
23 1 2 1 0
27 6 5 4 0
27 4 4 4 1
27 6 3 2 0
29 3 4 2 1
29 3 5 1 1
30 6 2 1 1
33 4 1 3 0
35 2 2 2 0
35 4 3 3 0
37 1 1 3 0
37 2 4 1 1
41 6 1 4 0
41 1 5 5 0
41 2 2 5 0
42 5 3 4 1
42 2 3 1 0
44 2 2 1 0
44 5 4 3 1
45 3 4 2 0
47 5 3 2 0
48 4 1 1 1
50 2 2 1 1
52 1 2 3 1
53 6 5 2 0
54 5 2 4 1
56 3 1 3 1
59 1 4 3 1
59 6 2 1 1
60 2 2 2 0
62 6 2 4 0
62 6 4 2 0
63 3 5 3 0
63 6 5 2 0
64 3 3 3 0
65 1 1 2 1
69 4 2 1 0
69 4 3 1 0
69 5 5 2 1
69 6 5 4 0
70 2 4 2 0
73 5 2 5 0
73 1 4 2 0
74 3 1 4 0
75 3 3 5 1
76 4 3 5 1
76 4 5 1 1
77 2 3 5 1
82 5 1 5 1
84 6 1 2 1
84 5 1 2 1
84 5 3 4 0
85 6 2 3 0
85 2 5 4 1
86 5 5 3 1
86 3 4 5 1
87 1 4 2 0
88 5 4 1 0
88 6 2 1 0
89 2 5 5 0
89 6 5 1 1
91 2 5 3 1
91 2 1 3 1
91 3 1 4 1
92 5 3 5 0
96 3 1 1 1
97 5 1 4 0
97 5 5 4 0
97 3 5 2 0
98 6 5 3 0
99 4 3 3 1
7 94
2 4 1 4 1
3 6 2 2 1
4 4 5 4 1
5 3 2 3 1
5 7 2 5 1
5 5 2 4 0
6 2 1 3 0
6 2 4 2 0
7 4 1 1 0
9 1 4 3 1
9 7 3 2 1
11 6 3 5 0
11 4 4 1 1
12 4 1 5 0
13 4 3 3 1
14 3 3 3 0
18 1 5 3 1
19 1 1 4 1
19 1 1 5 0
20 2 4 5 1
23 4 3 4 1
24 5 4 1 0
25 3 2 2 1
26 5 4 3 0
26 5 4 1 1
27 5 2 5 1
27 1 3 1 1
28 3 4 2 1
28 7 3 5 0
28 1 4 2 0
33 4 3 3 0
34 6 3 5 1
35 3 3 4 0
40 6 4 2 1
42 3 4 5 1
42 1 3 5 1
42 4 4 2 0
44 7 4 3 1
45 4 5 1 1
49 2 2 4 0
49 5 2 3 0
50 4 5 4 0
52 2 1 4 0
53 5 3 4 0
55 2 1 1 0
55 7 3 5 0
56 2 3 3 1
56 6 2 5 1
56 1 2 4 0
56 7 2 1 0
57 5 5 3 0
57 3 4 5 0
57 5 2 3 1
58 1 1 3 1
58 2 3 2 0
62 3 1 4 1
62 4 5 5 1
65 3 4 1 1
66 6 5 3 1
68 3 5 4 0
70 5 4 1 0
71 7 2 5 0
72 4 1 5 0
72 1 5 5 0
73 4 4 1 0
73 1 4 2 1
74 5 3 5 0
75 6 5 3 0
78 2 3 1 1
79 4 4 4 1
79 2 4 3 1
82 7 4 3 1
82 7 2 2 1
83 5 5 5 1
83 6 1 1 0
84 3 1 4 1
84 3 5 4 1
85 5 1 5 0
85 5 4 4 1
85 6 4 4 1
86 5 4 4 0
87 7 4 2 1
87 6 4 1 0
88 7 4 4 0
88 2 4 3 1
89 2 2 4 0
93 1 3 3 1
93 6 1 5 1
94 5 1 2 0
95 5 2 4 0
95 3 2 1 0
97 5 5 1 0
98 3 4 3 0
99 2 4 3 1
6 56
1 6 4 2 0
1 5 1 3 1
2 2 2 1 1
5 6 5 4 1
6 5 3 4 0
6 2 4 5 0
9 1 3 2 0
9 4 3 2 0
11 6 1 3 1
11 5 5 2 1
13 6 3 5 0
13 2 2 3 1
13 2 5 3 0
13 1 4 3 1
14 2 5 5 1
20 2 1 5 0
24 2 2 1 1
25 1 3 2 1
26 2 5 3 1
26 4 5 3 0
27 4 5 5 0
28 4 1 3 0
28 5 3 5 0
30 4 2 4 0
31 3 3 2 1
32 2 5 4 1
34 4 5 5 0
35 6 2 1 1
44 3 2 1 0
45 1 3 2 1
50 5 1 5 0
51 5 4 5 0
51 5 3 5 0
53 3 2 4 1
57 5 3 2 1
60 6 4 4 0
63 4 1 2 0
65 3 1 1 0
70 6 2 2 0
74 5 4 3 1
74 3 5 5 1
75 5 2 4 0
76 2 3 3 0
79 3 3 4 1
80 4 5 4 1
80 1 5 2 1
82 5 3 2 0
82 3 2 4 0
86 6 1 5 0
90 2 3 2 1
91 6 2 3 1
92 3 3 2 0
94 6 2 3 1
95 6 3 5 1
98 5 1 4 1
98 6 5 4 1
