Case #1: 62 7 82 43 61 37 78 76 57 84 51 32 81 22 19 70 69 65 5 6 87 59 40 39 33 47 13 1 21 66 12 29 64 36 25 68 60 53 18 35 4 23 54 3 2 67 88 14 72 11 38 9 74 31 41 8 50 30 63 75 17 85 45 15 49 56 52 26 86 91 48 83 28 42 89 10 27 80 55 79 58 77 20 44 16 90 46 34 71 24 73
Case #2: 27 86 4 67 73 71 23 47 26 13 59 15 83 45 88 62 65 16 22 10 80 60 11 42 28 30 85 49 68 20 24 32 21 46 84 82 33 25 3 69 44 48 12 38 61 14 19 35 31 43 5 41 2 29 8 52 51 53 57 9 63 81 78 74 7 39 77 54 34 56 36 1 79 87 18 55 6 72 70 76 66 50 75 37 17 64 40 58
Case #3: 14 66 30 59 19 61 65 10 20 84 73 60 74 69 75 25 42 67 37 90 78 50 64 21 55 58 87 63 82 51 56 6 80 54 5 88 52 57 32 13 38 71 33 72 31 62 34 27 45 86 16 24 46 29 48 11 23 40 76 89 47 22 53 3 17 28 4 26 39 36 35 79 49 1 68 15 70 9 12 81 7 18 83 44 77 8 2 85 41 43
Case #4: 51 38 2 10 11 28 43 9 47 3 39 27 48 44 53 23 22 49 12 30 4 56 21 45 52 31 20 32 29 16 8 13 19 40 34 5 24 6 17 33 18 41 15 14 54 26 37 55 35 46 1 57 7 36 42 25 50
Case #5: 85 5 43 14 8 36 31 6 84 11 27 13 34 76 62 25 74 26 80 23 9 82 39 87 20 50 42 58 64 21 52 17 86 33 56 7 70 83 71 66 1 28 19 63 29 37 16 78 35 24 47 57 65 59 67 73 55 72 38 22 2 53 41 46 45 69 15 79 68 77 60 3 44 40 30 18 61 48 49 4 51 10 75 54 12 32 81
Case #6: 43 37 53 27 26 42 5 63 9 13 56 17 7 55 32 40 39 36 38 41 44 48 35 25 20 33 46 24 62 11 23 3 19 8 51 28 49 12 2 14 29 16 57 61 18 4 52 22 45 30 59 60 6 34 10 58 47 64 50 54 15 21 1 31
Case #7: 14 92 76 46 60 19 33 20 79 25 59 72 55 23 69 91 28 53 10 68 1 15 48 56 90 9 83 88 77 70 27 35 67 84 45 22 6 38 57 86 64 80 7 65 5 2 31 50 74 39 81 4 44 87 3 17 63 18 30 40 52 62 26 41 42 13 36 29 66 58 89 24 51 78 16 82 37 12 73 49 11 75 43 47 85 21 54 61 32 8 34 71
Case #8: 2 3 62 41 22 13 4 49 11 12 1 6 7 74 24 45 8 18 31 58 78 17 51 71 70 35 23 69 68 60 53 14 64 48 19 79 56 16 54 34 66 38 15 37 77 65 27 33 29 32 28 36 52 46 42 44 50 57 30 72 59 39 73 9 75 47 76 10 20 43 63 55 5 67 21 26 25 40 61
Case #9: 25 31 5 51 66 52 72 20 24 67 68 48 65 44 40 36 22 62 29 70 21 41 46 15 17 53 55 12 39 14 30 34 71 32 35 10 57 16 7 50 3 75 8 59 56 76 27 61 58 63 18 42 38 2 69 23 9 47 49 73 13 26 28 43 19 1 54 4 60 74 33 11 64 37 6 45
Case #10: 36 13 7 15 8 46 26 32 55 61 16 65 58 21 35 29 20 22 49 23 53 56 17 19 12 63 11 3 5 33 51 9 27 38 52 50 41 64 2 31 30 34 1 57 59 25 42 37 66 40 6 18 45 10 62 14 60 67 43 48 28 47 24 54 4 44 39
