5
88 563
96 75 48 45 47 26 41 25 65 12 22 98 29 29 47 74 69 47 66 90 23 88 27 92 87 52 56 55 60 65 88 18 43 51 39 91 70 65 54 94 19 25 95 52 24 83 60 45 64 55 86 92 15 41 45 17 61 72 33 82 19 62 57 41 69 10 41 87 48 25 10 23 50 97 50 75 93 71 61 73 64 74 39 68 77 38 100 42
100 676
81 50 80 59 12 57 28 15 76 78 46 71 24 98 59 24 87 38 76 40 65 42 95 88 54 94 36 53 50 80 35 52 75 86 38 47 36 94 23 21 99 84 83 32 83 73 32 76 56 13 91 84 91 23 64 79 38 98 59 37 10 53 26 50 67 65 85 18 10 73 73 58 62 64 59 41 91 47 22 70 70 64 23 70 50 12 65 61 36 78 95 67 24 38 93 35 12 100 23 43
76 761
17 46 56 63 25 19 56 94 10 100 43 70 83 43 61 69 94 55 92 61 21 58 73 16 57 68 16 27 14 23 100 92 68 78 67 86 84 19 28 91 59 74 95 72 88 97 71 49 35 85 46 30 55 77 43 67 80 29 26 50 88 23 36 16 73 58 21 95 88 37 86 38 76 75 63 50
81 601
69 24 20 29 53 73 73 48 54 51 31 87 38 13 64 48 19 66 35 13 16 72 86 38 98 30 27 20 26 90 16 55 33 70 95 19 34 71 33 31 55 61 43 49 77 21 44 53 14 40 79 83 68 87 32 84 63 40 44 40 46 55 71 57 53 48 98 18 82 90 16 47 35 28 85 58 77 27 56 21 99
83 624
51 39 96 41 74 70 65 51 40 61 67 88 46 51 60 22 60 51 45 67 42 78 40 85 70 92 26 48 79 28 71 30 17 56 83 44 81 55 10 77 47 98 25 57 26 11 53 81 25 33 51 85 25 19 16 79 22 33 100 87 20 90 85 63 20 62 19 18 57 66 59 76 22 47 79 60 52 45 76 20 13 68 69
